(mclheader
mcltype matrix
dimensions 4360x393
)
(mclmatrix
begin
0    22 25 26 44 47 48 49 50 52 55 73 75 78 86 139 147 150 152 182
       197 199 200 201 207 210 214 216 218 221 226 227 228 233 252
       254 266 272 382 383 385 397 399 423 427 428 443 452 471 472
       498 509 541 552 555 556 558 603 667 668 670 671 713 715 717
       718 720 730 752 754 776 873 874 877 897 900 907 929 932 935
       953 1017 1018 1048 1049 1088 1108 1133 1134 1135 1136 1144 1167
       1168 1170 1182 1217 1219 1278 1288 1346 1347 1348 1356 1387
       1399 1400 1401 1414 1423 1425 1433 1507 1512 1513 1557 1617
       1618 1623 1626 1652 1717 1749 1786 1788 1803 1894 1912 1945
       1969 1971 2017 2041 2062 2100 2144 2385 2391 2401 2403 2439
       2578 2579 2580 2612 2639 2640 2641 2643 2675 2687 2698 2706
       2709 2737 2738 2739 2753 2782 2804 2805 2845 2866 2870 2881
       2883 2885 2889 2911 2920 2941 2942 2943 2944 2945 2951 2952
       2953 2954 2973 3009 3021 3031 3063 3066 3075 3095 3099 3136
       3138 3139 3144 3168 3220 3227 3228 3229 3233 3310 3312 3331
       3487 3498 3507 3512 3513 3557 3744 3911 3994 $
1    43 69 70 72 101 104 105 209 212 237 239 274 402 432 433 454 526
       562 629 663 727 731 732 753 896 906 1028 1128 1142 1183 1216
       1286 1382 1405 1407 1422 1558 1559 1560 1644 1722 1732 1992
       1993 2043 2146 2148 2327 2346 2348 2397 2555 2742 2852 2940
       2950 3061 3062 3064 3109 3216 3226 3230 3232 3234 3275 3309
       3395 3396 3488 3490 3508 3511 3800 3988 3989 $
2    33 74 76 103 151 213 217 273 381 384 396 449 451 554 602 666 669
       709 714 742 905 908 933 1150 1166 1181 1218 1277 1398 1424 1556
       1625 1748 1991 2040 2235 2325 2384 2705 2806 2843 2867 2869
       2880 2882 2884 3060 3065 3096 3128 3135 3137 3307 3311 3510
       3514 4325 $
3    231 232 577 580 756 1061 1213 1223 1275 1355 1716 1777 1898 2170
       2171 2427 2428 2539 2644 2645 2657 3017 3086 3481 3496 3678
       3743 3805 3806 3884 3885 3887 4000 $
4    882 1130 1690 1750 1751 1797 1799 1801 2103 2163 2393 2394 2396
       2707 2740 2824 3019 3024 3027 3146 3147 3148 3558 3859 4038
       4041 4060 4061 4064 4087 $
5    871 1141 1149 1785 2438 3023 3026 3028 3029 3093 3912 3916 4063 $
6    175 1015 1047 1129 1344 1381 1853 2923 3509 $
7    519 2168 2535 2537 2891 2892 3119 3886 3910 $
8    81 3823 3824 3826 3827 $
9    102 425 600 1127 2844 $
10   1172 2101 2227 2383 3798 $
11   1432 2117 2119 4049 4051 $
12   1614 1754 2166 3149 3493 $
13   271 3094 3098 3915 $
14   46 198 3133 $
15   11 426 $
16   45 51 $
17   188 3392 $
18   601 3268 $
19   1409 3445 $
20   2655 3520 $
21   3020 3486 $
22   3956 3961 $
23   878 $
24   899 $
25   1180 $
26   2244 $
27   2755 $
28   3992 $
29   13 16 95 97 131 267 291 302 308 316 317 326 327 330 334 337 341
       358 463 464 501 502 565 660 677 692 693 735 736 737 806 818
       885 919 959 967 974 981 982 1095 1098 1100 1103 1187 1198 1228
       1231 1239 1240 1241 1243 1253 1257 1264 1268 1436 1437 1438
       1448 1450 1473 1474 1475 1521 1522 1534 1535 1561 1604 1634
       1636 1642 1685 1871 1922 2018 2086 2104 2218 2230 2234 2256
       2293 2296 2300 2301 2330 2361 2362 2376 2407 2433 2434 2436
       2485 2486 2495 2502 2503 2603 2604 2605 2658 2678 2679 2712
       2713 2722 2723 2724 2725 2732 2748 2783 2784 2785 2803 2809
       2811 2829 2830 2854 2855 2856 2976 3050 3051 3054 3059 3101
       3102 3103 3122 3123 3152 3161 3180 3185 3188 3207 3209 3218
       3324 3325 3326 3335 3340 3354 3380 3381 3407 3417 3425 3426
       3433 3453 3455 3457 3460 3462 3465 3517 3518 3561 3571 3572
       3588 3589 3626 3654 3655 3665 3690 3691 3692 3693 3701 3702
       3751 3753 3754 3811 3829 3895 3896 3897 3977 3979 3982 4007
       4014 4015 4030 4188 4189 4190 4193 4196 4291 4314 4316 4337
       4343 $
30   9 10 12 89 90 91 92 161 162 167 176 258 265 315 324 325 356 357
       359 363 531 657 658 659 734 816 817 853 875 914 916 918 951
       992 1036 1165 1176 1262 1435 1447 1449 1631 1805 2152 2180 2206
       2207 2212 2292 2364 2429 2479 2493 2545 2547 2575 2577 2677
       2696 2745 2746 2751 2787 2798 2871 2873 2914 2915 2921 2965
       2977 3052 3072 3073 3074 3076 3104 3120 3131 3142 3153 3170
       3172 3173 3217 3221 3269 3271 3330 3338 3343 3398 3405 3406
       3419 3483 3501 3586 3700 3809 3891 3894 3913 4012 4093 4094
       4095 4334 4336 $
31   345 346 849 915 995 1229 1255 1919 1921 2135 2155 2286 2350 2432
       2492 2494 2729 2913 3315 3362 3424 3652 3752 3764 3842 3845
       3969 4341 $
32   114 1496 1497 1588 1596 1810 1975 2006 2068 2071 2156 2179 2184
       2316 2546 3195 3370 3482 3902 3958 $
33   159 160 842 1006 1702 1731 1920 1936 2205 2213 2255 2574 2699
       2744 2764 2922 2974 3591 $
34   301 968 969 1029 1105 2173 2217 2285 3313 3314 3632 3633 4280 $
35   281 960 2019 2614 3456 3629 3634 4002 4342 $
36   280 847 962 966 2683 4037 $
37   268 300 973 3980 4269 $
38   2414 2421 3618 3621 3758 $
39   99 1104 1256 1937 $
40   189 1686 2838 2860 $
41   886 1072 $
42   1632 1633 $
43   3519 3636 $
44   2160 $
45   3366 $
46   3543 $
47   14 15 93 94 96 118 121 122 123 133 134 136 137 153 282 293 328
       329 331 417 418 467 505 507 681 696 738 739 740 741 743 802
       805 819 851 854 917 923 924 975 984 985 990 997 999 1000 1001
       1009 1012 1020 1031 1053 1099 1121 1242 1245 1248 1249 1250
       1251 1270 1272 1281 1282 1283 1338 1339 1393 1394 1396 1397
       1420 1426 1427 1431 1439 1442 1451 1452 1453 1455 1477 1478
       1479 1480 1501 1503 1536 1537 1539 1540 1591 1592 1593 1678
       1679 1687 1706 1753 1787 1798 1812 1873 1874 1876 1877 1907
       1911 1913 1914 1916 1939 1940 1986 1999 2000 2001 2005 2072
       2074 2091 2094 2096 2097 2098 2120 2153 2157 2158 2159 2164
       2175 2187 2189 2208 2243 2254 2275 2277 2279 2304 2306 2308
       2336 2337 2338 2355 2356 2357 2360 2398 2409 2420 2435 2442
       2448 2449 2450 2467 2470 2472 2549 2688 2690 2691 2693 2700
       2701 2714 2715 2716 2726 2727 2728 2756 2759 2820 2853 2875
       2877 2918 2969 2971 3055 3057 3106 3112 3156 3157 3159 3186
       3197 3219 3274 3277 3320 3329 3333 3344 3345 3347 3355 3358
       3368 3410 3413 3436 3437 3439 3440 3544 3546 3656 3658 3659
       3694 3695 3755 3756 3759 3760 3765 3767 3770 3771 3849 3852
       3899 3936 3947 3978 3983 3984 3985 4009 4052 4099 4100 4106
       4108 4110 4111 4114 4117 4118 4119 4120 4121 4122 4123 4125
       4126 4129 4133 4134 4137 4139 4140 4142 4143 4144 4145 4149
       4150 4153 4155 4157 4159 4162 4163 4164 4167 4168 4172 4173
       4175 4177 4178 4181 4182 4184 4195 4197 4198 4199 4206 4207
       4211 4212 4214 4216 4217 4219 4220 4221 4222 4223 4226 4227
       4228 4229 4230 4233 4240 4241 4243 4244 4249 4251 4252 4253
       4254 4256 4261 4263 4264 4267 4272 4273 4274 4276 4278 4279
       4284 4305 4306 4307 4313 4315 4317 4318 4319 $
48   155 297 371 680 682 683 684 889 1010 1011 1328 1831 2020 2030
       2231 2307 2358 2469 2704 2967 3082 3085 3843 3970 3971 3974
       3986 3987 4248 4257 4308 $
49   295 989 1013 1064 1284 1342 1430 1638 1709 1813 1842 2014 2219
       2339 2340 2719 2730 3346 3359 $
50   803 2447 3810 $
51   2013 2702 3848 $
52   144 333 $
53   793 1074 $
54   1323 3688 $
55   1341 3808 $
56   1705 1938 $
57   1997 4070 $
58   2684 3705 $
59   584 $
60   648 $
61   792 $
62   821 $
63   1008 $
64   2224 $
65   3363 $
66   3541 $
67   3545 $
68   3844 $
69   142 145 163 311 318 320 336 338 339 453 457 494 495 500 503 506
       510 750 797 799 800 922 1096 1220 1246 1247 1428 1445 1456 1472
       1532 1533 1564 1602 1698 1869 1870 1872 1881 1995 2003 2064
       2186 2210 2238 2302 2303 2334 2354 2365 2387 2406 2408 2431
       2488 2490 2499 2500 2511 2606 2608 2708 2711 2717 2749 2831
       2833 2857 2859 2979 2980 3151 3154 3155 3158 3164 3177 3206
       3273 3327 3339 3341 3365 3408 3434 3435 3458 3463 3573 3574
       3627 3635 3657 3696 3703 3787 3788 3898 3900 3976 4016 4046
       4128 4130 4146 4160 $
70   8 77 87 264 323 353 672 733 796 815 864 931 980 1093 1237 1238
       1434 1446 1530 1609 1620 1868 2042 2089 2328 2335 2343 2404
       2686 2721 2747 2872 2874 3048 3049 3108 3150 3169 3171 3270
       3272 3319 3322 3323 3336 3337 3353 3403 3404 3584 3585 3766
       3893 3981 4010 4011 4186 4187 4237 4309 $
71   129 130 275 279 287 290 493 499 983 996 1094 1471 1653 1721 1726
       1727 1728 2053 2113 2114 2115 2229 2274 2299 2405 2441 2445
       2462 2681 2710 2956 2957 2958 2961 3348 3350 3360 3364 3430
       3537 3761 3762 3763 3789 3828 4042 4043 4044 4045 $
72   154 350 504 964 1143 1244 1269 1440 1441 1664 1676 1994 2002 2232
       2305 2333 2757 2878 3056 3111 3175 3178 3208 3276 3278 3342
       3661 4018 4101 4104 4152 4156 4176 4192 4210 4218 4260 4266 $
73   132 448 534 674 675 679 888 892 1729 $
74   801 2444 2955 3411 3577 $
75   456 1725 2610 $
76   673 1230 1931 $
77   884 993 2464 $
78   1196 1197 3538 $
79   1322 2972 3540 $
80   1723 2233 3792 $
81   3126 3790 4208 $
82   292 3349 $
83   2060 2366 $
84   2075 2682 $
85   3352 3768 $
86   3387 4032 $
87   1014 $
88   1878 $
89   2137 $
90   2329 $
91   2772 $
92   2959 $
93   3432 $
94   3786 $
95   4311 $
96   4338 $
97   108 223 224 225 230 260 261 262 373 374 375 377 411 412 415 437
       438 440 441 444 445 458 460 461 462 521 522 523 524 527 528
       530 532 571 572 573 574 581 685 686 688 689 690 820 865 866
       867 887 927 928 998 1075 1109 1221 1457 1489 1508 1510 1543
       1544 1545 1547 1548 1549 1568 1569 1570 1571 1572 1573 1574
       1575 1621 1658 1669 1692 1743 1744 1745 1779 1780 1781 1844
       1856 1895 1941 1943 1944 1965 1967 1972 1977 2249 2505 2553
       2557 2558 2559 2560 2561 2562 2563 2565 2587 2651 2652 2733
       2848 2924 2926 2927 2928 2929 2932 2934 2937 2938 3018 3039
       3190 3191 3203 3204 3205 3402 3414 3497 3531 3534 3542 3553
       3565 3597 3599 3600 3601 3646 3664 3713 3714 3715 3717 3718
       3719 3731 3782 3837 3838 3917 3918 3919 3944 3945 3946 3948
       3949 3951 3952 4001 4005 4054 4055 4056 4057 $
98   183 414 416 575 653 724 830 833 860 1515 1516 1517 1519 1551 1552
       1615 1616 1622 1660 1663 1667 1668 1670 1693 1758 1782 1846
       1966 1973 1974 1976 1983 2052 2055 2056 2110 2250 2251 2453
       2570 2572 2650 2656 2720 2734 2846 2849 2905 2907 2925 2930
       3015 3016 3040 3041 3045 3113 3115 3116 3415 3620 3642 3677
       3709 3732 3733 3783 3804 3903 3942 3943 3950 4004 4006 4303
       4304 $
99   533 1332 1546 1550 1577 2598 3576 3587 3716 3721 3921 3922 4059 $
100  539 557 722 858 1274 1366 1673 1761 1845 2149 3004 3941 $
101  704 705 706 831 912 1089 1090 1091 $
102  378 434 439 1511 1968 2847 $
103  1334 1648 1649 1790 1792 3839 $
104  321 1030 3704 3920 4329 $
105  723 1490 1662 1857 $
106  234 1279 3602 $
107  529 1672 4310 $
108  1783 1784 $
109  3132 3134 $
110  484 $
111  1886 $
112  17 35 36 143 146 156 178 220 309 312 313 322 332 342 343 348 351
       419 421 431 455 466 508 576 661 695 809 823 824 841 861 862
       925 926 957 965 970 977 986 1032 1042 1101 1102 1232 1252 1260
       1267 1271 1273 1285 1359 1360 1395 1429 1465 1491 1505 1562
       1563 1567 1603 1610 1646 1647 1688 1724 1854 1924 1996 2004
       2021 2022 2023 2024 2037 2039 2059 2105 2106 2138 2140 2141
       2196 2197 2198 2199 2211 2237 2261 2265 2291 2310 2363 2410
       2412 2446 2452 2454 2465 2489 2491 2501 2504 2506 2507 2510
       2525 2607 2611 2649 2680 2718 2736 2750 2758 2760 2761 2763
       2765 2786 2789 2794 2795 2796 2802 2808 2810 2812 2826 2832
       2834 2835 2836 2837 2839 2858 2864 2919 2960 2978 2982 2983
       3014 3070 3071 3105 3124 3125 3163 3176 3187 3189 3279 3287
       3288 3297 3318 3321 3382 3409 3423 3427 3428 3454 3459 3494
       3523 3554 3562 3567 3590 3592 3595 3641 3736 3780 3833 3846
       3901 3907 3924 4013 4017 4024 4105 4107 4112 4116 4148 4151
       4154 4165 4174 4183 4200 4201 4204 4205 4209 4215 4232 4234
       4245 4250 4270 4271 4281 4320 4322 4335 4345 4346 $
113  319 1340 1388 1481 1482 1908 1915 2259 2319 3578 3697 3793 3832
       4115 4127 4131 4138 4141 4161 4170 4179 4259 4265 4277 $
114  388 393 1178 1259 1736 3223 3224 3285 4331 4332 $
115  497 1204 1852 2368 2483 3575 3628 4082 $
116  2496 2523 3292 3923 4339 $
117  394 395 2239 3962 $
118  749 1188 1189 3467 $
119  2222 3638 4302 $
120  191 4034 $
121  642 760 $
122  1115 1266 $
123  1147 3617 $
124  1528 $
125  2297 $
126  2374 $
127  3548 $
128  3616 $
129  4283 $
130  6 38 41 42 80 98 120 164 177 194 195 244 255 304 314 349 352 355
       360 372 390 392 406 410 430 447 469 492 511 513 514 536 538
       548 586 589 590 591 619 622 623 624 627 719 751 775 798 843
       855 863 921 971 1033 1040 1054 1084 1085 1086 1114 1132 1146
       1148 1151 1174 1201 1233 1236 1261 1313 1316 1350 1352 1459
       1460 1527 1541 1566 1605 1606 1608 1613 1640 1655 1657 1689
       1720 1734 1737 1740 1741 1747 1796 1858 1910 1927 1929 2016
       2095 2107 2109 2125 2126 2127 2139 2142 2190 2200 2223 2278
       2281 2282 2295 2417 2418 2423 2425 2426 2526 2533 2568 2653
       2659 2667 2692 2762 2774 2813 2841 2861 2981 3110 3160 3166
       3179 3182 3184 3199 3202 3213 3225 3242 3289 3293 3294 3308
       3317 3357 3369 3372 3373 3451 3461 3550 3622 3623 3624 3625
       3637 3640 3707 3723 3772 4035 4081 4109 4171 4185 4194 4203
       4236 4238 4239 4242 4255 4282 4299 4321 4324 4340 4347 $
131  187 270 285 296 335 344 370 844 1111 2290 2367 3058 3443 3464 $
132  587 598 617 1949 2258 2457 2512 2814 3563 3906 $
133  1421 3334 3431 3466 3570 3851 3926 4323 $
134  380 626 1177 2331 2460 2788 3506 $
135  408 525 1310 1402 $
136  550 963 1487 $
137  1353 1419 4298 $
138  1884 2063 3281 $
139  379 1654 $
140  542 1775 $
141  1152 1209 $
142  1404 1488 $
143  27 $
144  2481 $
145  23 24 184 185 186 219 340 361 386 465 553 564 583 595 609 654
       655 656 697 699 700 701 702 703 708 710 728 759 836 838 840
       910 920 1035 1055 1058 1073 1153 1156 1157 1357 1358 1361 1364
       1389 1486 1498 1583 1584 1619 1671 1708 1710 1711 1756 1757
       1829 1832 1833 1834 1835 1840 1946 1947 1948 2035 2065 2176
       2194 2195 2201 2202 2214 2215 2246 2276 2287 2298 2309 2326
       2455 2456 2458 2567 2618 2621 2622 2624 2908 2946 2987 2992
       3215 3239 3253 3295 3376 3386 3390 3448 3492 3499 3500 3524
       3525 3560 3569 3581 3582 3598 3647 3648 3649 3650 3777 3778
       3779 3781 3797 3807 3812 3862 3872 3873 3874 3876 3905 3998
       4023 4026 4027 4029 4033 4076 4077 4078 $
146  125 594 711 942 1140 1155 1362 1386 1859 2066 2247 2388 2459 2508
       2623 2840 3167 3526 3568 3596 3607 3608 3609 3794 3795 3813
       3853 3863 3908 3909 $
147  883 1494 1684 1719 2036 2058 3013 3515 3552 3556 3860 $
148  1755 1800 2167 2193 2827 3861 4040 4089 4090 $
149  567 1194 1581 2240 $
150  420 3749 3773 $
151  895 2999 3393 $
152  1363 3476 $
153  1484 1525 $
154  1492 3091 $
155  1860 3444 $
156  2901 2902 $
157  127 $
158  259 $
159  429 $
160  1718 $
161  1830 $
162  1855 $
163  2390 $
164  2443 $
165  2475 $
166  2477 $
167  2532 $
168  2776 $
169  3068 $
170  5 7 106 211 235 238 391 401 407 543 551 561 563 568 625 628 638
       641 643 644 645 725 757 758 761 784 785 788 789 837 891 936
       937 939 940 948 1062 1063 1065 1068 1193 1200 1308 1311 1314
       1317 1318 1324 1325 1326 1327 1329 1403 1443 1483 1485 1523
       1524 1526 1627 1629 1643 1681 1682 1713 1738 1746 1795 1815
       1816 1818 1819 1824 1828 1879 1926 1928 1970 1982 2038 2099
       2124 2145 2147 2221 2320 2342 2344 2345 2347 2378 2379 2380
       2381 2382 2386 2399 2468 2513 2515 2517 2519 2552 2615 2616
       2661 2815 2818 2850 2851 2984 2988 2991 2993 2996 3012 3081
       3083 3087 3088 3140 3162 3183 3231 3264 3282 3332 3391 3394
       3489 3491 3551 3593 3737 3803 3914 3964 3965 3966 3972 3975
       3997 4025 4358 $
171  236 879 1989 2964 3796 $
172  1351 2663 3612 3613 3614 $
173  646 1292 1817 $
174  2662 2666 3686 $
175  4083 4084 4085 $
176  39 2422 $
177  943 3931 $
178  3450 3452 $
179  1082 $
180  1493 $
181  3080 $
182  3953 $
183  3963 $
184  18 19 171 172 173 179 181 203 205 277 376 387 403 404 496 566
       825 839 868 1037 1057 1059 1079 1123 1125 1162 1171 1184 1190
       1191 1367 1369 1373 1377 1390 1391 1410 1529 1578 1579 1597
       1837 1847 1848 1850 1890 1891 1892 1893 1918 2131 2242 2311
       2312 2862 2865 2962 2986 3030 3034 3067 3069 3141 3143 3235
       3240 3241 3244 3245 3249 3251 3252 3254 3256 3259 3260 3261
       3263 3266 3301 3388 3389 3400 3438 3485 3529 3532 3603 3604
       3671 3672 3746 3799 3825 3831 3858 3892 3929 3932 3938 3995
       4020 4047 4080 4091 4096 4097 $
185  398 774 780 1145 1163 1838 2741 2780 3299 3868 $
186  777 1039 1124 3401 $
187  1056 2116 2402 3214 $
188  3033 3248 3262 3878 $
189  3399 3877 3933 3934 $
190  835 2613 3265 $
191  1601 3384 3447 $
192  2617 2619 2909 $
193  2057 $
194  2949 $
195  3446 $
196  3935 $
197  4344 $
198  53 68 140 229 253 263 400 413 424 517 582 664 687 721 832 834
       859 1016 1019 1051 1052 1169 1215 1222 1333 1335 1413 1514 1518
       1555 1651 1659 1661 1666 1694 1696 1697 1759 1760 1774 1778
       1791 1793 1794 1861 1864 1875 1909 1960 1978 1984 1985 1987
       1988 2054 2112 2150 2252 2541 2543 2556 2564 2566 2569 2571
       2573 2654 2676 2731 2807 2894 2896 2897 3043 3044 3046 3047
       3097 3114 3480 3631 3653 3720 3785 3840 3888 3928 4003 4079 $
199  516 518 540 579 1087 1212 1276 1309 1320 1331 2169 2536 2538 2540
       2890 2893 3742 3801 3821 $
200  470 485 486 $
201  578 $
202  2102 $
203  4326 $
204  3 4 21 174 288 310 405 409 778 781 827 828 902 1038 1045 1046
       1060 1076 1077 1126 1185 1192 1226 1370 1375 1380 1392 1408
       1411 1412 1580 1650 1675 1677 1839 1851 2226 2267 2781 2863
       2899 2947 2948 3035 3237 3238 3246 3247 3250 3255 3257 3267
       3304 3516 3774 3775 3847 3867 3870 3879 3881 3882 3939 3996
       4022 4036 4058 4069 4098 4102 $
205  1080 1254 1379 3300 3533 3606 3745 3883 $
206  829 903 1582 2389 3449 3776 3871 $
207  1956 1957 1958 1959 1962 1963 $
208  782 894 $
209  1374 3940 $
210  691 $
211  893 $
212  2266 $
213  2314 $
214  3605 $
215  3710 $
216  111 117 640 649 650 786 790 791 795 941 944 947 1066 1067 1069
       1071 1113 1137 1202 1293 1294 1295 1296 1297 1301 1302 1303
       1304 1305 1330 1502 1504 1553 1594 1703 1809 1821 1823 1827
       2009 2015 2029 2032 2033 2034 2070 2073 2076 2294 2318 2322
       2516 2518 2521 2522 2630 2632 2633 2634 2635 2636 2637 2638
       2647 2670 2671 2672 2674 2771 2773 2777 2816 2819 2823 3198
       3371 3967 3968 $
217  1210 1211 1980 $
218  2514 2817 2821 $
219  1206 1207 $
220  2027 2631 $
221  2769 3503 $
222  1203 $
223  66 109 128 158 165 289 298 354 362 520 845 846 913 950 972 979
       991 1003 1004 1005 1007 1195 1321 1495 1585 1699 1700 1704 1804
       1933 1934 1935 1942 2007 2067 2088 2151 2178 2181 2185 2204
       2209 2228 2253 2269 2270 2315 2349 2353 2430 2440 2461 2527
       2528 2544 2685 2694 2695 2697 2775 2876 2912 2916 2917 2963
       2966 3077 3100 3361 3416 3651 3679 3689 3699 3841 3869 4065
       4067 4092 4258 $
224  2766 2767 $
225  88 $
226  1199 $
227  20 256 257 1117 1118 1119 1120 1122 1415 1416 1417 1418 1554 1665
       2161 2262 2263 2581 2582 2583 2584 2585 2586 2588 2589 2590
       2591 2592 2593 2594 2595 2596 2597 2599 2600 2601 2602 2609
       2620 2626 2627 2628 2629 3032 3375 3377 3378 3379 3468 3469
       3470 3471 3472 3473 3474 3475 3477 3478 3479 3668 3669 3670
       3676 3687 3698 3738 3739 3740 3741 3791 3802 3814 $
228  771 2778 3296 3728 $
229  28 29 30 31 32 34 54 56 57 58 59 60 61 62 63 64 65 67 148 149
       435 436 604 605 606 607 608 610 611 612 613 614 615 616 630
       632 633 634 636 637 707 952 1092 1461 1462 1463 1466 1467 1468
       1469 1470 4019 4113 4124 4135 4147 4158 4169 4180 4191 4202
       4213 4224 4235 4246 4312 $
230  911 $
231  37 82 190 208 489 490 535 569 570 588 593 678 1083 1234 1258 1458
       1590 1630 1645 1739 1820 1923 2416 2463 2497 2551 2664 3078
       3079 3090 3210 3211 3212 3222 3429 3441 3706 3769 3927 4300
       4301 4333 $
232  491 512 1735 3165 3181 3291 4071 $
233  79 592 1235 1656 1925 $
234  488 787 3619 $
235  549 631 1315 $
236  2437 2842 3660 $
237  1116 $
238  2031 $
239  1 246 250 422 477 515 748 807 811 813 814 1025 1026 1768 1770
       1772 1865 1867 1899 1902 1904 1905 1906 1952 1954 1955 2049
       2050 2082 2084 2085 2487 2520 2531 2542 4295 4296 4297 4352
       4354 4355 4356 $
240  744 745 746 747 767 768 769 770 $
241  247 248 249 812 1903 2047 2048 $
242  1767 1769 $
243  112 113 115 364 365 1263 1499 1500 1506 1509 1520 1531 1542 1565
       1586 1589 1595 1598 1639 1701 1742 1764 1806 1807 1808 1953
       2008 2010 2026 2028 2069 2077 2078 2154 2182 2183 2188 2191
       2317 2321 2669 2768 2770 2968 3194 3196 3200 3201 3484 3502
       3504 3505 3611 3925 4066 $
244  2025 2673 $
245  116 $
246  2419 $
247  240 241 242 243 245 251 473 474 755 808 938 1021 1022 1023 1762
       1763 1862 1863 1896 1900 1901 1950 1951 1964 2044 2045 2046
       2051 2079 2083 2498 2509 4294 4348 4349 4350 4351 4353 $
248  475 810 1024 1866 1897 2080 2081 2087 2476 2529 2534 $
249  141 620 1576 1587 1802 2012 2172 2192 2216 2280 2735 2828 2910
       2970 3283 3284 3564 3566 3583 3594 3835 3875 $
250  1691 2903 3559 3954 3957 3959 4039 4088 $
251  1158 2177 2370 $
252  2799 2935 $
253  2933 $
254  2939 $
255  71 222 450 647 651 652 726 794 872 934 949 1050 1070 1179 1299
       1300 1345 1825 1826 1990 2143 2236 2324 2752 2822 2868 2985
       2990 2994 2995 3193 4247 $
256  945 $
257  946 $
258  2989 $
259  135 166 468 585 599 804 890 988 1044 1205 1312 1319 1628 1979
       1981 2284 2413 2415 2471 2668 3084 3549 3615 3722 3724 3747
       3960 3973 4103 4262 4268 4285 $
260  1154 $
261  2273 $
262  269 284 294 303 305 694 850 852 955 956 958 961 1034 1107 1112
       2289 2689 3316 3356 3367 3421 3522 3639 4008 $
263  307 4357 $
264  192 442 729 976 1406 1674 1712 1714 1730 2888 2931 3127 3129 3130
       3555 4048 $
265  930 1715 2118 2400 2975 3990 $
266  3042 $
267  202 204 366 772 773 779 826 898 901 1224 1371 1372 1599 1836 2264
       3236 3243 3298 3527 3528 3530 3729 3889 $
268  193 306 537 2225 3007 3010 3107 3630 $
269  3005 3008 3011 3818 3819 3820 3822 $
270  196 857 2108 $
271  1002 2359 $
272  367 $
273  1961 $
274  100 157 283 286 1078 1454 1707 1917 2451 3280 3412 3422 3683 3711
       4225 $
275  1538 1637 $
276  2703 $
277  3930 $
278  459 635 1214 1287 1298 1343 1354 1365 1376 2895 3001 3002 3003
       3006 3118 3784 3815 3816 3817 $
279  880 881 1131 1337 1695 1752 1789 2162 2165 2392 2395 3022 3025
       3145 3685 3856 3857 4062 $
280  487 994 2092 2271 2272 2352 2660 $
281  1175 3290 3442 4028 4330 $
282  2090 3420 $
283  2642 $
284  206 904 1164 1173 1186 1227 1368 1378 1843 2268 2743 3303 3385
       3397 $
285  1385 2257 2260 2377 2473 2478 2480 $
286  276 347 596 2369 2482 3750 $
287  83 84 85 138 856 1106 3192 3286 3418 3991 4074 4075 $
288  299 560 1027 1225 2313 2779 3258 3383 3708 3937 $
289  180 3730 $
290  544 545 546 547 1306 1307 2220 2332 2554 2665 2887 2998 $
291  1265 2061 3673 3674 3675 $
292  869 3302 3535 3712 $
293  2245 $
294  3000 $
295  3536 $
296  1776 1887 1888 1998 2011 4132 $
297  1885 1930 3734 $
298  2122 2123 $
299  1889 $
300  0 368 369 389 1811 1814 2548 2550 3880 4068 $
301  764 $
302  478 479 480 481 482 1289 1290 1291 1383 1384 2646 $
303  3036 3037 3038 3663 3666 3667 $
304  2130 2323 2648 3682 $
305  40 1041 1043 1600 1849 2424 3836 3993 4021 $
306  169 3904 4286 4287 4288 4289 4290 4292 $
307  1138 $
308  597 662 676 2373 2754 3580 $
309  618 712 3495 $
310  621 822 2371 2375 2484 3521 3579 3757 3834 $
311  124 559 1683 2203 2906 3092 $
312  3999 $
313  126 1110 2625 2797 2800 2801 3089 $
314  1139 2790 2791 2792 2793 3644 3645 $
315  110 446 639 2466 3053 $
316  2341 $
317  1607 1611 1635 1733 2283 3374 $
318  119 1641 2136 4166 4275 $
319  870 1097 4050 4053 4231 $
320  1159 1160 2241 3121 $
321  3117 $
322  170 1612 2132 2133 $
323  665 978 1680 $
324  3850 $
325  987 1841 3547 $
326  3539 $
327  2134 3725 3726 3727 $
328  476 2530 $
329  2093 $
330  848 2351 2879 $
331  876 2248 2411 $
332  1081 2372 $
333  4293 $
334  1336 2886 2898 $
335  1624 3830 4136 $
336  1822 2900 $
337  2997 $
338  3680 3681 4072 $
339  3854 3855 4328 $
340  3864 3865 3866 $
341  2 3748 $
342  215 1280 $
343  716 909 $
344  1444 3955 $
345  1771 2576 $
346  2111 3328 $
347  2524 4031 $
348  2904 3174 $
349  107 $
350  168 $
351  278 $
352  483 $
353  698 $
354  762 $
355  763 $
356  765 $
357  766 $
358  783 $
359  954 $
360  1161 $
361  1208 $
362  1349 $
363  1464 $
364  1476 $
365  1765 $
366  1766 $
367  1773 $
368  1880 $
369  1882 $
370  1883 $
371  1932 $
372  2121 $
373  2128 $
374  2129 $
375  2174 $
376  2288 $
377  2474 $
378  2825 $
379  2936 $
380  3305 $
381  3306 $
382  3351 $
383  3610 $
384  3643 $
385  3662 $
386  3684 $
387  3735 $
388  3890 $
389  4073 $
390  4086 $
391  4327 $
392  4359 $
)
