(mclheader
mcltype matrix
dimensions 4360x669
)
(mclmatrix
begin
0    22 25 26 44 47 48 50 52 55 73 75 78 86 139 150 152 182 197 200
       201 207 210 214 216 218 221 228 233 252 254 266 382 383 385
       397 399 423 428 443 452 509 541 556 558 603 670 671 713 715
       717 720 752 754 873 874 897 907 935 1018 1049 1088 1108 1133
       1134 1135 1136 1144 1167 1170 1219 1278 1288 1347 1348 1356
       1400 1401 1414 1423 1425 1433 1507 1512 1513 1617 1618 1623
       1626 1652 1717 1749 1786 1803 1894 1912 1945 2017 2144 2391
       2439 2578 2580 2612 2639 2641 2643 2698 2706 2709 2737 2738
       2739 2782 2804 2805 2870 2881 2883 2885 2889 2911 2943 2944
       2945 2951 2953 2973 3021 3031 3063 3066 3075 3095 3136 3138
       3139 3144 3168 3220 3227 3228 3229 3310 3312 3498 3557 3744
       3911 $
1    199 226 227 272 472 552 667 718 730 877 900 929 953 1182 1217
       1387 1557 1969 1971 2100 2385 2401 2579 2675 2753 2845 2920
       2941 2952 2954 3099 3233 3331 3507 3512 3513 3994 $
2    427 776 1168 3487 $
3    555 668 932 2041 $
4    1017 2062 2866 $
5    49 498 $
6    147 1399 $
7    471 1048 $
8    1346 $
9    1788 $
10   2403 $
11   2640 $
12   2687 $
13   2942 $
14   3009 $
15   43 69 70 72 101 104 105 209 212 237 239 274 402 432 433 526 562
       629 663 727 731 732 753 906 1028 1128 1142 1183 1286 1382 1405
       1407 1422 1558 1559 1560 1644 1722 1732 1992 1993 2043 2146
       2148 2327 2346 2348 2397 2555 2742 2852 2940 2950 3061 3062
       3064 3216 3234 3275 3395 3396 3488 3490 3511 3800 3989 $
16   454 896 1216 3109 3226 3230 3232 3309 3508 $
17   3988 $
18   33 74 76 103 151 213 273 381 384 396 449 451 554 666 669 709 714
       742 905 908 933 1150 1166 1181 1218 1277 1398 1424 1556 1625
       1748 1991 2040 2235 2325 2384 2705 2806 2843 2867 2869 2884
       3060 3096 3128 3135 3137 3307 3311 3510 3514 4325 $
19   2880 2882 3065 $
20   217 602 $
21   580 756 1061 1213 1223 1275 1716 1777 2170 2427 2428 2539 2645
       2657 3086 3481 3496 3805 3806 3884 3885 3887 4000 $
22   231 232 1355 1898 2171 3017 3678 $
23   577 $
24   2644 $
25   3743 $
26   1130 1750 1751 1797 1799 1801 2163 2393 2394 2707 2740 3019 3024
       3027 3146 3147 3148 3859 4038 4041 4060 4061 4064 4087 $
27   1690 2824 $
28   882 $
29   2103 $
30   2396 $
31   3558 $
32   871 1141 1149 1785 2438 3028 3029 3912 3916 $
33   3023 3026 4063 $
34   3093 $
35   175 1015 1047 1129 1344 1381 1853 2923 3509 $
36   519 2168 2535 2537 2891 2892 3119 3886 3910 $
37   81 3823 3824 3826 3827 $
38   102 425 600 1127 2844 $
39   1172 2101 2227 2383 3798 $
40   1432 2117 2119 4049 4051 $
41   1614 1754 2166 3149 3493 $
42   271 3098 $
43   3094 $
44   3915 $
45   46 $
46   198 $
47   3133 $
48   11 426 $
49   45 51 $
50   188 $
51   3392 $
52   601 3268 $
53   1409 $
54   3445 $
55   2655 3520 $
56   3020 3486 $
57   3956 3961 $
58   878 $
59   899 $
60   1180 $
61   2244 $
62   2755 $
63   3992 $
64   13 16 97 308 316 317 327 330 334 341 358 464 501 502 660 677 693
       736 737 806 885 919 1098 1100 1198 1231 1240 1241 1243 1268
       1438 1450 1473 1474 1475 1604 1634 1636 1642 1685 1871 2086
       2104 2218 2301 2330 2362 2376 2407 2433 2486 2502 2603 2604
       2605 2658 2678 2679 2712 2713 2723 2725 2784 2803 2809 2811
       2829 2830 2855 2856 2976 3051 3054 3059 3122 3123 3152 3161
       3180 3185 3188 3325 3326 3335 3340 3354 3381 3407 3426 3455
       3457 3460 3462 3517 3561 3589 3654 3690 3691 3693 3701 3702
       3753 3754 3896 3979 3982 4007 4014 4030 4188 4193 4314 4316
       4337 4343 $
65   131 267 326 337 463 565 692 735 818 967 981 982 1095 1103 1187
       1239 1436 1437 1448 1522 1534 1535 2018 2230 2234 2256 2300
       2361 2434 2485 2748 2783 2854 3050 3101 3102 3103 3218 3324
       3380 3425 3433 3453 3465 3518 3571 3572 3588 3626 3655 3692
       3751 3829 3895 3897 3977 4015 4189 4190 4196 $
66   95 1228 1253 2293 2722 2724 2732 3207 $
67   2296 2785 3209 3665 $
68   291 302 4291 $
69   974 2495 $
70   959 $
71   1257 $
72   1264 $
73   1521 $
74   1561 $
75   1922 $
76   2436 $
77   2503 $
78   3417 $
79   3811 $
80   9 10 12 89 90 91 92 161 162 167 258 265 315 324 325 356 357 359
       363 531 657 658 659 734 816 817 853 875 914 916 918 951 992
       1036 1165 1176 1262 1435 1447 1449 1631 1805 2152 2180 2206
       2207 2212 2292 2364 2429 2479 2493 2545 2547 2575 2577 2677
       2696 2745 2746 2751 2787 2798 2871 2873 2914 2915 2921 2965
       2977 3052 3072 3073 3074 3076 3104 3120 3131 3142 3153 3170
       3172 3173 3217 3221 3269 3271 3330 3338 3343 3398 3405 3406
       3419 3483 3586 3700 3809 3891 3894 3913 4012 4093 4094 4095
       4334 4336 $
81   176 $
82   3501 $
83   346 849 915 995 1229 1255 1919 1921 2135 2155 2286 2350 2494 2729
       2913 3424 3652 3752 3842 3845 $
84   345 2432 4341 $
85   2492 3315 3362 $
86   3764 $
87   3969 $
88   114 1496 1497 1588 1810 1975 2006 2068 2071 2156 2179 2184 2316
       2546 3195 3370 3482 3902 3958 $
89   1596 $
90   159 160 842 1006 1702 1731 1920 1936 2205 2213 2255 2574 2699
       2744 2764 2922 2974 3591 $
91   301 968 1105 2285 3314 $
92   969 1029 2217 3313 3632 $
93   2173 3633 4280 $
94   2019 2614 3456 3629 4002 4342 $
95   960 3634 $
96   281 $
97   280 847 966 $
98   962 $
99   2683 $
100  4037 $
101  268 3980 4269 $
102  300 973 $
103  2414 2421 3618 3621 3758 $
104  99 1256 1937 $
105  1104 $
106  189 1686 2838 2860 $
107  886 1072 $
108  1632 1633 $
109  3519 3636 $
110  2160 $
111  3366 $
112  3543 $
113  14 15 93 94 96 118 121 122 133 134 136 137 153 282 293 328 329
       331 417 418 467 505 507 681 696 738 739 740 741 743 802 805
       819 851 854 917 923 924 975 984 985 990 997 999 1000 1001 1009
       1012 1020 1031 1053 1099 1121 1242 1245 1248 1249 1250 1251
       1270 1272 1281 1282 1283 1338 1339 1393 1394 1396 1397 1420
       1426 1427 1431 1439 1442 1451 1452 1453 1477 1478 1479 1480
       1501 1503 1536 1537 1539 1540 1591 1592 1593 1678 1679 1687
       1798 1812 1873 1874 1876 1877 1907 1911 1913 1914 1916 1939
       1940 1999 2000 2001 2005 2072 2074 2091 2094 2096 2097 2098
       2120 2153 2157 2158 2159 2164 2175 2187 2189 2208 2243 2254
       2275 2277 2279 2304 2306 2308 2336 2337 2338 2355 2357 2398
       2409 2420 2435 2442 2448 2449 2450 2470 2472 2549 2690 2691
       2693 2701 2714 2715 2716 2726 2727 2728 2756 2759 2820 2853
       2875 2877 2918 2969 2971 3055 3057 3106 3112 3156 3157 3159
       3186 3219 3274 3277 3320 3329 3333 3344 3345 3355 3358 3368
       3410 3413 3436 3437 3439 3440 3544 3658 3659 3694 3695 3755
       3756 3759 3760 3765 3767 3770 3771 3849 3852 3899 3936 3947
       3978 3983 3984 3985 4052 4099 4100 4106 4108 4110 4111 4114
       4117 4118 4119 4120 4121 4123 4125 4126 4129 4133 4134 4137
       4139 4140 4142 4143 4144 4145 4149 4150 4153 4155 4157 4159
       4162 4163 4164 4167 4168 4172 4173 4175 4177 4178 4181 4182
       4184 4195 4197 4198 4199 4206 4207 4211 4212 4214 4216 4217
       4219 4220 4221 4222 4223 4226 4228 4229 4230 4240 4241 4244
       4249 4251 4252 4253 4254 4256 4261 4263 4264 4267 4272 4273
       4274 4276 4278 4279 4284 4305 4306 4307 4313 4315 4317 4318
       4319 $
114  1455 2688 3197 3347 3546 4122 4227 4243 $
115  1706 2356 2360 2467 2700 3656 $
116  123 1753 $
117  1787 1986 $
118  4009 $
119  4233 $
120  155 297 680 682 683 684 889 1010 1011 1328 2030 2358 2469 2704
       2967 3082 3085 3843 3970 3971 3974 4248 4257 $
121  2307 3986 3987 4308 $
122  371 $
123  1831 $
124  2020 $
125  2231 $
126  295 989 1013 1064 1284 1342 1430 1638 1709 1813 1842 2014 2219
       2339 2340 2719 2730 3346 3359 $
127  803 2447 3810 $
128  2702 3848 $
129  2013 $
130  144 333 $
131  793 1074 $
132  1323 3688 $
133  1341 3808 $
134  1705 1938 $
135  1997 4070 $
136  2684 $
137  3705 $
138  584 $
139  648 $
140  792 $
141  821 $
142  1008 $
143  2224 $
144  3363 $
145  3541 $
146  3545 $
147  3844 $
148  145 311 318 320 336 338 339 453 457 503 750 800 922 1096 1220
       1246 1247 1445 1456 1564 1602 1698 1870 1872 1881 1995 2003
       2064 2186 2238 2302 2303 2334 2387 2408 2488 2490 2499 2500
       2511 2606 2608 2711 2749 2831 2833 2857 2859 2979 2980 3154
       3155 3158 3177 3273 3327 3339 3341 3365 3458 3463 3574 3657
       3898 3900 4016 4128 4130 4160 $
149  494 500 799 1532 1533 2354 2365 2406 3151 3434 3435 3788 4146 $
150  142 506 510 2431 2717 3573 3696 $
151  797 1472 1869 2708 3787 4046 $
152  163 1428 3164 3408 $
153  495 $
154  2210 $
155  3206 $
156  3627 $
157  3635 $
158  3703 $
159  3976 $
160  8 87 264 323 353 672 733 815 864 931 1093 1237 1238 1434 1446
       1530 1609 1868 2042 2089 2328 2404 2721 2747 2872 2874 3048
       3049 3108 3169 3171 3270 3272 3319 3322 3323 3336 3337 3403
       3404 3584 3585 3893 3981 4010 4011 4186 4187 4237 4309 $
161  796 980 1620 2335 2343 3150 $
162  3353 3766 $
163  77 $
164  2686 $
165  129 130 275 279 290 493 499 983 996 1094 1471 1653 1726 1727 1728
       2053 2113 2114 2115 2229 2274 2299 2405 2441 2445 2462 2681
       2710 2956 2957 2958 2961 3348 3350 3360 3364 3430 3537 3761
       3763 3789 3828 4042 4043 4044 4045 $
166  287 3762 $
167  1721 $
168  154 504 964 1143 1269 1440 1664 2002 2232 3111 3175 3208 3342
       4101 4152 4156 4176 4210 $
169  350 1244 1441 1676 1994 2757 2878 3056 3178 3276 3661 4018 4104
       4192 4218 4260 4266 $
170  2305 2333 3278 $
171  132 448 674 675 888 892 1729 $
172  534 $
173  679 $
174  801 2444 2955 3411 $
175  3577 $
176  456 1725 2610 $
177  673 1230 $
178  1931 $
179  884 993 $
180  2464 $
181  1196 1197 3538 $
182  1322 $
183  2972 $
184  3540 $
185  1723 2233 3792 $
186  3126 3790 4208 $
187  292 $
188  3349 $
189  2060 2366 $
190  2075 2682 $
191  3352 $
192  3768 $
193  3387 4032 $
194  1014 $
195  1878 $
196  2137 $
197  2329 $
198  2772 $
199  2959 $
200  3432 $
201  3786 $
202  4311 $
203  4338 $
204  223 224 225 230 260 261 262 373 374 375 377 411 415 437 438 440
       441 445 458 460 461 462 521 522 523 524 527 528 530 532 571
       572 573 574 685 686 688 689 820 865 866 867 887 927 998 1075
       1109 1221 1457 1508 1510 1543 1544 1545 1547 1548 1549 1568
       1569 1570 1571 1572 1573 1574 1575 1658 1669 1692 1743 1744
       1745 1779 1780 1781 1844 1941 1943 1944 1965 1967 1972 2505
       2553 2558 2559 2560 2561 2562 2565 2587 2924 2926 2927 2928
       2932 2934 2937 3190 3191 3203 3204 3205 3414 3497 3531 3534
       3542 3553 3565 3599 3600 3601 3664 3713 3714 3715 3717 3718
       3719 3731 3837 3917 3918 3919 3944 3945 3946 3948 3949 3951
       3952 4005 4054 4055 4056 4057 $
205  412 928 1895 2557 2938 3018 3597 3838 $
206  581 2563 2733 2848 2929 3039 3782 4001 $
207  1621 2651 2652 3402 3646 $
208  1856 2249 $
209  108 $
210  444 $
211  690 $
212  1489 $
213  1977 $
214  653 724 833 860 1515 1516 1519 1551 1552 1616 1622 1660 1667 1668
       1670 1758 1966 1974 1976 2052 2055 2056 2110 2250 2251 2453
       2650 2656 2720 2734 2849 2905 2907 2925 2930 3040 3115 3116
       3415 3642 3733 3783 3942 3943 3950 4004 4303 $
215  183 414 575 830 1663 1782 1846 2846 3041 3709 3903 $
216  1517 1693 2570 2572 3045 3113 3677 3804 $
217  1983 3015 3016 3732 4006 $
218  1615 3620 $
219  416 $
220  1973 $
221  4304 $
222  533 1332 1546 1550 1577 2598 3576 3587 3716 3721 3921 3922 4059 $
223  539 722 858 1366 1761 1845 3004 $
224  557 1274 2149 $
225  1673 $
226  3941 $
227  704 705 706 831 912 1089 1090 1091 $
228  378 434 439 1511 1968 2847 $
229  1334 1649 1792 3839 $
230  1648 $
231  1790 $
232  321 1030 3704 3920 4329 $
233  723 1490 1662 $
234  1857 $
235  234 1279 3602 $
236  529 1672 4310 $
237  1783 1784 $
238  3132 3134 $
239  484 $
240  1886 $
241  17 35 143 146 156 178 220 309 313 322 332 342 343 348 351 421
       455 576 661 695 824 841 862 925 926 957 965 977 986 1032 1042
       1102 1232 1252 1260 1267 1271 1285 1359 1360 1395 1429 1465
       1505 1563 1567 1603 1647 1688 1724 1854 1996 2004 2021 2037
       2039 2105 2106 2138 2141 2196 2197 2198 2199 2211 2237 2265
       2310 2410 2412 2452 2454 2465 2501 2504 2506 2507 2510 2607
       2611 2649 2680 2718 2736 2750 2758 2760 2761 2763 2765 2789
       2796 2802 2808 2810 2812 2826 2832 2834 2835 2836 2837 2839
       2858 2864 2919 2978 2982 2983 3014 3071 3105 3124 3125 3176
       3187 3189 3279 3287 3288 3297 3318 3321 3382 3409 3423 3427
       3428 3454 3459 3494 3523 3554 3590 3595 3641 3736 3780 3833
       3901 3907 3924 4017 4105 4112 4116 4148 4154 4165 4174 4183
       4200 4201 4204 4205 4209 4215 4232 4234 4245 4250 4270 4271
       4281 4320 4322 4335 4345 $
242  312 466 809 1924 2140 2491 2786 2795 2960 3163 $
243  1101 1491 1562 1610 1646 2059 3592 $
244  419 1273 2446 2489 4107 $
245  508 2023 2363 3562 4151 $
246  970 2022 2024 4013 $
247  823 2261 3567 $
248  431 3846 $
249  2794 4346 $
250  36 $
251  861 $
252  2291 $
253  2525 $
254  3070 $
255  4024 $
256  319 1340 1388 1481 1482 1908 1915 2259 2319 3578 3697 3793 3832
       4115 4127 4131 4138 4141 4161 4170 4179 4259 4265 4277 $
257  388 393 1178 1259 1736 3223 3224 3285 4331 4332 $
258  497 1204 1852 2368 2483 3575 $
259  3628 $
260  4082 $
261  2496 2523 3292 3923 4339 $
262  395 2239 3962 $
263  394 $
264  749 1189 $
265  1188 3467 $
266  3638 4302 $
267  2222 $
268  191 $
269  4034 $
270  642 760 $
271  1115 1266 $
272  1147 3617 $
273  1528 $
274  2297 $
275  2374 $
276  3548 $
277  3616 $
278  4283 $
279  6 38 41 42 120 177 194 195 244 255 314 349 352 355 372 390 392
       406 410 430 447 469 492 511 514 536 538 548 586 589 590 591
       619 622 624 627 719 751 798 843 855 921 971 1040 1054 1084 1085
       1086 1132 1146 1148 1151 1174 1201 1233 1236 1316 1350 1352
       1459 1460 1527 1541 1605 1606 1608 1640 1720 1734 1737 1740
       1741 1747 1796 1910 1927 1929 2095 2125 2126 2127 2139 2142
       2190 2278 2281 2282 2295 2417 2418 2423 2425 2426 2526 2533
       2568 2659 2667 2692 2762 2774 2813 2841 2861 2981 3110 3160
       3166 3179 3182 3202 3242 3289 3293 3308 3317 3357 3369 3451
       3461 3550 3622 3623 3624 3625 3640 3707 3723 3772 4035 4081
       4109 4171 4185 4194 4203 4236 4238 4242 4255 4282 4299 4321
       4324 4347 $
280  80 98 775 1261 1613 1655 1657 2107 3213 3225 3294 $
281  164 304 863 1566 2223 4340 $
282  360 1689 4239 $
283  1033 2200 3184 $
284  513 623 $
285  1313 2109 $
286  1858 3373 $
287  2016 3199 $
288  1114 $
289  2653 $
290  3372 $
291  3637 $
292  187 270 285 296 335 344 370 844 1111 2290 2367 3058 3443 3464 $
293  587 598 617 1949 2258 2457 2512 2814 3906 $
294  3563 $
295  1421 3334 3431 3466 3570 3851 3926 4323 $
296  380 626 1177 2331 2460 2788 $
297  3506 $
298  408 525 1310 1402 $
299  550 963 1487 $
300  1353 1419 $
301  4298 $
302  1884 2063 3281 $
303  379 $
304  1654 $
305  542 1775 $
306  1152 1209 $
307  1404 1488 $
308  27 $
309  2481 $
310  23 24 184 185 186 219 340 361 386 465 553 564 583 595 609 654
       655 656 697 699 700 701 702 703 708 710 728 759 836 838 840
       910 920 1035 1055 1058 1073 1153 1156 1157 1357 1358 1361 1364
       1389 1486 1498 1583 1584 1619 1671 1708 1710 1711 1756 1757
       1829 1832 1833 1834 1835 1840 1947 1948 2035 2065 2194 2195
       2201 2202 2214 2215 2246 2276 2298 2309 2326 2456 2567 2618
       2621 2622 2624 2908 2946 2987 2992 3215 3239 3253 3295 3376
       3386 3390 3448 3492 3500 3524 3525 3560 3581 3582 3598 3647
       3648 3649 3650 3777 3778 3779 3781 3797 3807 3812 3862 3872
       3873 3874 3876 3905 3998 4023 4026 4027 4029 4033 4076 4077
       4078 $
311  2176 2455 2458 3569 $
312  1946 2287 $
313  3499 $
314  125 594 711 942 1140 1155 1362 1386 1859 2066 2247 2388 2459 2508
       2623 2840 3167 3596 3607 3608 3609 3794 3795 3813 3853 3863
       3908 3909 $
315  3526 $
316  3568 $
317  883 1494 1684 1719 2058 3515 3556 3860 $
318  2036 $
319  3013 $
320  3552 $
321  1800 2167 2193 2827 3861 4089 4090 $
322  1755 4040 $
323  1194 1581 2240 $
324  567 $
325  3749 3773 $
326  420 $
327  895 2999 3393 $
328  1363 3476 $
329  1484 1525 $
330  1492 3091 $
331  1860 3444 $
332  2901 2902 $
333  127 $
334  259 $
335  429 $
336  1718 $
337  1830 $
338  1855 $
339  2390 $
340  2443 $
341  2475 $
342  2477 $
343  2532 $
344  2776 $
345  3068 $
346  5 7 211 238 391 407 543 551 563 568 625 628 638 641 644 645 725
       757 758 761 785 788 789 837 937 939 940 1062 1063 1065 1068
       1193 1200 1308 1311 1314 1317 1318 1324 1326 1329 1403 1443
       1483 1485 1523 1627 1629 1643 1681 1682 1713 1738 1746 1795
       1816 1818 1819 1926 1928 2038 2124 2145 2320 2344 2378 2379
       2380 2381 2468 2513 2515 2517 2519 2552 2615 2616 2661 2815
       2818 2851 2984 2988 2991 2993 3012 3081 3083 3088 3183 3332
       3391 3394 3489 3491 3551 3803 3914 3964 3965 3966 3972 3975
       3997 $
347  106 235 401 561 2147 2345 2347 2382 2399 3140 $
348  643 1824 3162 4025 4358 $
349  891 1524 1526 2221 2342 $
350  948 1970 2996 3264 $
351  784 936 1815 $
352  1325 2850 $
353  1327 3087 $
354  1828 3593 $
355  1879 3737 $
356  1982 3282 $
357  2386 3231 $
358  2099 $
359  236 879 1989 2964 3796 $
360  1351 2663 3612 3614 $
361  3613 $
362  646 1292 1817 $
363  2666 3686 $
364  2662 $
365  4083 4084 4085 $
366  39 2422 $
367  943 3931 $
368  3450 3452 $
369  1082 $
370  1493 $
371  3080 $
372  3953 $
373  3963 $
374  18 19 171 172 173 179 181 203 205 277 376 387 403 404 496 566
       825 839 868 1037 1059 1079 1123 1125 1162 1171 1184 1190 1191
       1369 1373 1377 1390 1391 1410 1529 1579 1597 1837 1847 1848
       1850 1890 1891 1892 1893 1918 2131 2311 2312 2862 2865 2986
       3030 3034 3067 3069 3143 3235 3240 3244 3245 3249 3251 3252
       3254 3256 3259 3260 3261 3263 3266 3301 3388 3389 3438 3485
       3532 3603 3671 3672 3746 3799 3831 3858 3929 3932 3938 3995
       4020 4047 4080 4091 4097 $
375  1057 3141 $
376  1578 3400 $
377  3825 4096 $
378  1367 $
379  2242 $
380  2962 $
381  3241 $
382  3529 $
383  3604 $
384  3892 $
385  398 774 780 1145 1163 1838 2780 3299 3868 $
386  2741 $
387  777 3401 $
388  1039 $
389  1124 $
390  1056 2116 2402 $
391  3214 $
392  3033 3248 3262 3878 $
393  3399 3877 3933 3934 $
394  835 $
395  2613 $
396  3265 $
397  1601 3384 3447 $
398  2619 2909 $
399  2617 $
400  2057 $
401  2949 $
402  3446 $
403  3935 $
404  4344 $
405  68 140 229 253 263 400 413 517 582 664 687 721 832 834 859 1016
       1019 1051 1052 1215 1333 1335 1413 1514 1518 1555 1651 1659
       1661 1666 1694 1696 1697 1759 1760 1774 1778 1791 1793 1794
       1861 1864 1875 1909 1960 1978 1987 2054 2112 2150 2252 2541
       2543 2556 2564 2566 2569 2573 2654 2676 2731 2807 2896 2897
       3043 3044 3046 3047 3097 3114 3480 3631 3653 3720 3785 3840
       3888 3928 4003 $
406  1984 1985 1988 2571 $
407  53 4079 $
408  424 $
409  1169 $
410  1222 $
411  2894 $
412  516 518 540 1276 1309 1331 2169 2536 2540 2890 3742 3801 3821 $
413  579 1087 1212 1320 2538 2893 $
414  470 485 486 $
415  578 $
416  2102 $
417  4326 $
418  3 4 21 174 288 310 405 409 778 781 827 828 1038 1045 1046 1060
       1076 1077 1126 1192 1226 1370 1375 1380 1392 1408 1411 1412
       1580 1650 1675 1677 1839 1851 2267 2781 2863 2899 2947 2948
       3035 3237 3238 3246 3247 3250 3255 3257 3267 3304 3516 3774
       3775 3847 3867 3870 3879 3881 3939 4036 4058 4069 4098 4102 $
419  1185 4022 $
420  2226 3996 $
421  902 $
422  3882 $
423  1080 1254 1379 3300 3533 3606 3745 3883 $
424  829 903 1582 2389 3449 3776 $
425  3871 $
426  1956 1957 1958 $
427  1959 1962 1963 $
428  782 894 $
429  1374 $
430  3940 $
431  691 $
432  893 $
433  2266 $
434  2314 $
435  3605 $
436  3710 $
437  111 117 640 649 650 786 790 791 795 941 944 947 1066 1067 1069
       1113 1137 1293 1294 1295 1296 1297 1301 1302 1303 1304 1305
       1330 1502 1504 1553 1594 1703 1809 1821 1827 2009 2015 2029
       2033 2070 2073 2076 2294 2322 2516 2518 2522 2630 2632 2633
       2634 2635 2636 2637 2638 2647 2670 2672 2771 2773 2777 2816
       2819 2823 3371 3967 3968 $
438  2032 2034 2671 2674 $
439  1823 2521 $
440  1071 $
441  1202 $
442  2318 $
443  3198 $
444  1210 1211 $
445  1980 $
446  2514 2817 2821 $
447  1206 1207 $
448  2027 $
449  2631 $
450  2769 3503 $
451  1203 $
452  66 109 128 158 165 289 298 354 362 520 845 846 913 950 972 979
       991 1003 1004 1005 1007 1195 1321 1495 1585 1699 1700 1704 1804
       1933 1934 1935 1942 2007 2067 2088 2151 2178 2181 2185 2204
       2209 2228 2253 2269 2270 2315 2349 2353 2430 2440 2461 2527
       2528 2544 2685 2694 2695 2697 2775 2876 2912 2916 2917 2963
       2966 3077 3100 3361 3416 3651 3679 3689 3699 3841 3869 4065
       4067 4092 4258 $
453  2766 2767 $
454  88 $
455  1199 $
456  20 256 257 1117 1118 1119 1120 1122 1415 1416 1417 1418 1554 1665
       2161 2262 2263 2581 2582 2583 2584 2585 2586 2588 2589 2590
       2591 2592 2593 2594 2595 2596 2597 2599 2600 2601 2602 2609
       2620 2626 2627 2628 2629 3032 3375 3377 3378 3379 3468 3469
       3470 3471 3472 3473 3474 3475 3477 3478 3479 3668 3669 3670
       3676 3687 3698 3738 3739 3740 3741 3791 3802 3814 $
457  3296 3728 $
458  771 $
459  2778 $
460  28 29 30 32 34 54 56 57 58 59 60 61 62 63 64 65 67 148 149 435
       436 604 605 606 607 608 610 611 612 613 614 615 630 632 633
       634 636 637 707 1092 1461 1462 1463 1466 1467 1468 1469 4113
       4124 4135 4147 4158 4169 4180 4191 4202 4213 4224 4235 4246 $
461  31 616 952 1470 4019 4312 $
462  911 $
463  37 82 190 208 489 535 569 570 588 593 678 1083 1234 1258 1458
       1590 1630 1645 1739 1923 2416 2463 2497 2551 3078 3079 3090
       3210 3211 3212 3222 3429 3441 3706 3769 3927 4300 4301 4333 $
464  490 $
465  1820 $
466  2664 $
467  491 3181 3291 4071 $
468  512 1735 $
469  3165 $
470  592 1235 1656 1925 $
471  79 $
472  787 3619 $
473  488 $
474  549 631 1315 $
475  2437 2842 3660 $
476  1116 $
477  2031 $
478  1 246 422 477 515 748 807 811 814 1025 1026 1865 1899 1902 1904
       1905 1952 1954 1955 2082 2084 2085 2487 2520 2542 4295 4296
       4297 4352 4354 4355 $
479  250 1770 1772 2049 2050 $
480  813 1867 1906 2531 4356 $
481  1768 $
482  747 767 768 769 770 $
483  744 745 746 $
484  249 812 1903 2048 $
485  247 248 2047 $
486  1767 1769 $
487  112 113 115 364 365 1263 1499 1500 1509 1531 1542 1586 1589 1595
       1598 1701 1742 1764 1806 1807 1953 2008 2010 2026 2028 2069
       2154 2182 2183 2191 2317 2321 2669 2770 3194 3196 3200 3201
       3484 3502 3504 3505 3611 3925 4066 $
488  1506 2078 2188 2768 $
489  1520 1565 $
490  1639 1808 $
491  2077 $
492  2968 $
493  2025 2673 $
494  116 $
495  2419 $
496  241 242 243 245 251 473 755 808 938 1021 1022 1023 1763 1862 1896
       1900 1950 1951 2045 2046 2051 2079 2083 2498 2509 4294 4348
       4349 4350 4351 4353 $
497  240 1762 2044 $
498  474 1863 1901 $
499  1964 $
500  475 810 1024 1866 1897 2080 2081 2087 2476 2529 2534 $
501  141 620 1576 1587 2012 2172 2192 2216 2280 2735 2828 2910 2970
       3283 3284 3564 3566 3583 3594 3835 3875 $
502  1802 $
503  2903 3559 3954 3957 3959 4039 4088 $
504  1691 $
505  1158 2177 2370 $
506  2799 2935 $
507  2933 $
508  2939 $
509  71 222 450 647 652 726 872 934 949 1050 1070 1179 1300 1345 1825
       1826 1990 2143 2236 2324 2752 2822 2868 2985 2990 2994 2995
       3193 4247 $
510  651 $
511  794 $
512  1299 $
513  945 $
514  946 $
515  2989 $
516  135 166 468 585 599 804 890 988 1044 1205 1312 1319 1628 1979
       1981 2284 2413 2415 2471 2668 3084 3549 3615 3722 3724 3747
       3960 3973 4103 4262 4268 4285 $
517  1154 $
518  2273 $
519  269 284 294 303 305 694 850 852 956 961 1034 1107 1112 2289 3316
       3421 3639 4008 $
520  2689 3356 3522 $
521  955 958 $
522  3367 $
523  307 4357 $
524  192 442 729 976 1406 1674 1712 1714 1730 2888 2931 3127 3129 3130
       3555 4048 $
525  930 1715 2118 2400 2975 3990 $
526  3042 $
527  366 772 773 779 826 898 901 1372 1836 2264 3236 3243 3298 3527
       3528 3530 3729 $
528  202 1224 1371 3889 $
529  204 1599 $
530  193 306 537 2225 3007 3010 3107 $
531  3630 $
532  3005 3008 3011 3818 3819 3820 3822 $
533  196 857 2108 $
534  1002 2359 $
535  367 $
536  1961 $
537  100 157 283 286 1078 1454 1707 1917 2451 3280 3412 3422 3683 3711
       4225 $
538  1538 1637 $
539  2703 $
540  3930 $
541  459 635 1287 1298 1343 1354 1365 1376 2895 3001 3002 3003 3006
       3784 3815 3816 3817 $
542  1214 $
543  3118 $
544  880 881 1131 1337 1695 1752 2162 2165 2392 2395 3022 3025 3145
       3856 3857 $
545  1789 3685 $
546  4062 $
547  487 994 2092 2271 2272 2352 2660 $
548  3290 3442 4028 $
549  1175 4330 $
550  2090 3420 $
551  2642 $
552  206 904 1164 1173 1186 1227 1368 1378 1843 2268 2743 3303 3385
       3397 $
553  1385 2257 2260 2377 2473 2478 2480 $
554  276 347 596 2369 3750 $
555  2482 $
556  83 84 138 856 1106 3192 3286 3418 3991 4075 $
557  85 4074 $
558  299 560 1027 1225 2313 2779 3258 3383 3708 3937 $
559  180 3730 $
560  544 545 546 547 1306 1307 2220 2332 2554 2665 2887 2998 $
561  1265 2061 3673 3674 3675 $
562  869 3302 3535 3712 $
563  2245 $
564  3000 $
565  3536 $
566  1776 1887 1888 1998 2011 4132 $
567  1885 1930 3734 $
568  2122 2123 $
569  1889 $
570  0 368 369 389 1811 1814 2548 2550 3880 $
571  4068 $
572  764 $
573  478 479 480 481 482 1289 1290 1291 1383 1384 2646 $
574  3036 3037 3038 3663 3666 3667 $
575  2130 2323 2648 3682 $
576  40 1043 1600 1849 2424 3836 3993 4021 $
577  1041 $
578  169 3904 4286 4287 4288 4289 4290 4292 $
579  1138 $
580  597 662 676 2373 2754 3580 $
581  618 $
582  712 $
583  3495 $
584  621 822 2371 2375 2484 3521 3579 3757 3834 $
585  124 559 2203 2906 3092 $
586  1683 $
587  3999 $
588  126 1110 2625 2797 2800 2801 3089 $
589  1139 2792 3644 3645 $
590  2790 2791 2793 $
591  110 446 639 2466 3053 $
592  2341 $
593  1607 1611 1635 1733 2283 3374 $
594  119 1641 2136 4166 4275 $
595  870 1097 4050 4053 4231 $
596  1159 1160 2241 3121 $
597  3117 $
598  170 1612 2132 2133 $
599  665 978 1680 $
600  3850 $
601  987 1841 3547 $
602  3539 $
603  2134 3725 3726 3727 $
604  476 2530 $
605  2093 $
606  848 2351 2879 $
607  876 2248 2411 $
608  1081 2372 $
609  4293 $
610  1336 2886 2898 $
611  1624 3830 4136 $
612  1822 2900 $
613  2997 $
614  3680 3681 4072 $
615  3854 3855 4328 $
616  3864 3865 3866 $
617  2 3748 $
618  215 1280 $
619  716 909 $
620  1444 3955 $
621  1771 2576 $
622  2111 3328 $
623  2524 4031 $
624  2904 3174 $
625  107 $
626  168 $
627  278 $
628  483 $
629  698 $
630  762 $
631  763 $
632  765 $
633  766 $
634  783 $
635  954 $
636  1161 $
637  1208 $
638  1349 $
639  1464 $
640  1476 $
641  1765 $
642  1766 $
643  1773 $
644  1880 $
645  1882 $
646  1883 $
647  1932 $
648  2121 $
649  2128 $
650  2129 $
651  2174 $
652  2288 $
653  2474 $
654  2825 $
655  2936 $
656  3305 $
657  3306 $
658  3351 $
659  3610 $
660  3643 $
661  3662 $
662  3684 $
663  3735 $
664  3890 $
665  4073 $
666  4086 $
667  4327 $
668  4359 $
)
