(mclheader
mcltype matrix
dimensions 4360x1054
)
(mclmatrix
begin
0    22 25 26 44 47 48 50 55 73 75 86 150 152 182 197 200 201 210 214
       218 221 228 233 252 254 266 382 383 385 397 399 423 428 443
       452 509 541 558 603 671 713 715 717 752 873 874 897 907 1049
       1088 1108 1133 1134 1135 1136 1144 1167 1170 1219 1278 1288
       1347 1348 1356 1401 1414 1423 1425 1433 1507 1512 1513 1617
       1618 1623 1626 1652 1717 1749 1786 1803 1894 1912 1945 2144
       2391 2439 2580 2639 2641 2643 2698 2706 2709 2737 2738 2739
       2782 2804 2805 2870 2881 2883 2885 2889 2943 2944 2945 2951
       2973 3031 3063 3066 3075 3095 3138 3139 3144 3168 3220 3227
       3229 3310 3312 3498 3744 3911 $
1    78 139 556 670 754 935 2578 2612 3228 $
2    720 2953 3136 $
3    216 1400 $
4    52 $
5    207 $
6    1018 $
7    2017 $
8    2911 $
9    3021 $
10   3557 $
11   199 226 227 272 667 718 730 877 900 929 953 1182 1217 1387 1557
       1969 1971 2100 2385 2579 2675 2753 2845 2920 2941 2952 2954
       3099 3233 3331 3507 3512 3513 3994 $
12   472 $
13   552 $
14   2401 $
15   427 776 1168 3487 $
16   555 668 932 2041 $
17   2062 2866 $
18   1017 $
19   49 $
20   498 $
21   147 1399 $
22   471 1048 $
23   1346 $
24   1788 $
25   2403 $
26   2640 $
27   2687 $
28   2942 $
29   3009 $
30   43 69 70 72 101 104 105 209 212 237 239 274 402 432 433 526 562
       629 663 727 731 732 753 906 1028 1128 1142 1183 1286 1382 1405
       1407 1422 1558 1559 1560 1644 1722 1732 1992 1993 2043 2146
       2327 2346 2348 2397 2555 2852 2940 2950 3061 3064 3216 3234
       3275 3395 3396 3488 3490 3511 3800 3989 $
31   2742 3062 $
32   2148 $
33   454 896 1216 3109 3226 3230 3232 3309 3508 $
34   3988 $
35   33 74 76 103 151 213 273 381 384 396 449 451 554 666 669 709 714
       742 905 908 1150 1166 1181 1218 1277 1398 1424 1556 1625 1748
       1991 2040 2235 2325 2384 2705 2806 2843 2867 2869 2884 3060
       3096 3128 3135 3137 3307 3311 3510 3514 4325 $
36   933 $
37   2880 2882 3065 $
38   217 602 $
39   580 756 1061 1213 1275 1716 2170 2427 2428 2539 2645 3086 3481
       3496 3805 3806 3884 3885 3887 $
40   1223 4000 $
41   1777 $
42   2657 $
43   231 1355 1898 2171 3017 3678 $
44   232 $
45   577 $
46   2644 $
47   3743 $
48   1751 1801 2707 2740 3019 3147 4038 4064 4087 $
49   2163 3027 3859 4041 4060 4061 $
50   1797 2393 2394 3146 $
51   1130 $
52   1750 $
53   1799 $
54   3024 $
55   3148 $
56   1690 2824 $
57   882 $
58   2103 $
59   2396 $
60   3558 $
61   871 1141 1149 2438 3028 3029 3912 3916 $
62   1785 $
63   3023 3026 4063 $
64   3093 $
65   175 1015 1047 1129 1344 1381 1853 2923 3509 $
66   519 2168 2891 2892 3119 3886 3910 $
67   2535 2537 $
68   81 3823 3824 3827 $
69   3826 $
70   102 425 600 1127 2844 $
71   1172 2101 2227 2383 3798 $
72   1432 2117 2119 4049 4051 $
73   1614 1754 2166 3493 $
74   3149 $
75   271 3098 $
76   3094 $
77   3915 $
78   46 $
79   198 $
80   3133 $
81   11 426 $
82   45 51 $
83   188 $
84   3392 $
85   601 3268 $
86   1409 $
87   3445 $
88   2655 3520 $
89   3020 3486 $
90   3956 $
91   3961 $
92   878 $
93   899 $
94   1180 $
95   2244 $
96   2755 $
97   3992 $
98   16 97 308 317 330 334 341 358 502 660 677 693 737 806 1098 1100
       1198 1240 1243 1268 1438 1473 1474 1475 1636 1685 2104 2301
       2330 2376 2407 2433 2502 2658 2679 2712 2713 2723 2803 2809
       2811 2830 2856 3059 3123 3180 3185 3188 3335 3354 3381 3407
       3426 3457 3460 3561 3690 3691 3693 3701 3702 3982 4014 4030
       4188 4193 4316 4337 $
99   13 316 327 464 501 736 1241 1450 1642 1871 2086 2486 2603 2604
       2605 2678 2725 2829 2855 2976 3051 3054 3122 3152 3325 3326
       3340 3455 3462 3517 3654 3753 3754 3896 3979 4314 $
100  885 $
101  919 $
102  1231 $
103  1604 $
104  1634 $
105  2218 $
106  2362 $
107  2784 $
108  3161 $
109  3589 $
110  4007 $
111  4343 $
112  131 267 326 337 463 565 692 735 818 967 981 982 1095 1103 1187
       1239 1436 1437 1448 1534 1535 2234 2256 2300 2361 2434 2485
       2748 2783 2854 3050 3101 3102 3103 3218 3324 3380 3425 3433
       3453 3465 3518 3571 3572 3588 3626 3655 3692 3751 3895 3897
       3977 4015 4189 4190 4196 $
113  1522 $
114  2018 $
115  2230 $
116  3829 $
117  95 2293 2722 2724 3207 $
118  1228 1253 $
119  2732 $
120  3209 3665 $
121  2296 $
122  2785 $
123  291 $
124  302 $
125  4291 $
126  974 $
127  2495 $
128  959 $
129  1257 $
130  1264 $
131  1521 $
132  1561 $
133  1922 $
134  2436 $
135  2503 $
136  3417 $
137  3811 $
138  9 10 12 89 90 91 92 161 162 167 258 265 315 324 325 356 357 359
       363 531 657 658 659 734 816 817 853 875 914 916 918 951 992
       1036 1165 1176 1262 1435 1447 1449 1631 1805 2152 2180 2206
       2207 2212 2364 2429 2479 2493 2545 2575 2577 2677 2696 2745
       2746 2751 2787 2798 2871 2873 2914 2915 2921 2965 2977 3052
       3072 3073 3074 3076 3104 3120 3131 3142 3153 3170 3172 3173
       3217 3221 3269 3271 3330 3338 3343 3398 3405 3406 3483 3586
       3700 3809 3891 3894 3913 4012 4093 4094 4095 4334 4336 $
139  2292 $
140  2547 $
141  3419 $
142  176 $
143  3501 $
144  346 849 915 995 1229 1255 1919 2135 2155 2286 2350 2494 2729 2913
       3424 3752 3842 $
145  3652 3845 $
146  1921 $
147  345 2432 4341 $
148  2492 $
149  3315 $
150  3362 $
151  3764 $
152  3969 $
153  114 1496 1497 1588 1810 1975 2006 2068 2156 2179 2184 2316 2546
       3195 3370 3482 3902 3958 $
154  2071 $
155  1596 $
156  159 160 1006 1702 1936 2205 2213 2255 2574 2699 2744 2764 2922
       2974 3591 $
157  1731 1920 $
158  842 $
159  301 $
160  968 $
161  1105 $
162  2285 $
163  3314 $
164  1029 2217 3313 3632 $
165  969 $
166  2173 $
167  3633 $
168  4280 $
169  2614 3456 3629 $
170  2019 $
171  4002 $
172  4342 $
173  960 $
174  3634 $
175  281 $
176  280 847 966 $
177  962 $
178  2683 $
179  4037 $
180  268 3980 4269 $
181  300 973 $
182  2414 2421 3758 $
183  3618 $
184  3621 $
185  99 1256 1937 $
186  1104 $
187  189 2860 $
188  1686 2838 $
189  886 1072 $
190  1632 1633 $
191  3519 $
192  3636 $
193  2160 $
194  3366 $
195  3543 $
196  14 15 93 94 96 118 121 122 133 134 136 153 282 293 329 331 417
       418 505 507 681 696 738 739 740 741 802 805 819 851 854 923
       924 975 984 985 990 997 999 1001 1009 1012 1020 1031 1053 1099
       1121 1242 1245 1248 1249 1250 1251 1270 1272 1281 1282 1338
       1339 1393 1394 1396 1397 1420 1426 1427 1431 1439 1442 1451
       1453 1477 1478 1479 1480 1501 1503 1536 1537 1539 1592 1593
       1678 1679 1687 1798 1812 1873 1874 1876 1877 1907 1911 1913
       1914 1916 1939 1940 1999 2000 2001 2005 2072 2074 2091 2094
       2096 2097 2098 2120 2153 2157 2158 2159 2164 2175 2187 2189
       2208 2243 2254 2275 2279 2304 2306 2308 2336 2337 2338 2355
       2357 2398 2409 2420 2435 2442 2448 2449 2450 2470 2472 2549
       2693 2701 2714 2715 2716 2726 2727 2728 2756 2759 2820 2853
       2875 2877 2918 2969 2971 3055 3057 3106 3112 3156 3157 3159
       3186 3219 3274 3277 3320 3333 3344 3345 3355 3358 3368 3410
       3413 3436 3437 3439 3440 3544 3658 3659 3694 3695 3755 3756
       3759 3760 3765 3767 3770 3771 3849 3852 3899 3936 3947 3978
       3983 3984 3985 4052 4099 4100 4106 4108 4110 4111 4114 4117
       4118 4119 4120 4121 4123 4125 4126 4129 4133 4134 4137 4139
       4140 4142 4143 4144 4145 4149 4150 4153 4155 4157 4159 4162
       4163 4164 4167 4168 4172 4173 4175 4178 4181 4182 4184 4195
       4197 4198 4199 4206 4207 4211 4212 4214 4216 4217 4219 4220
       4221 4222 4223 4226 4228 4229 4230 4240 4241 4244 4249 4251
       4252 4253 4256 4261 4263 4264 4267 4272 4273 4274 4276 4278
       4279 4284 4305 4306 4307 4313 4315 4317 4318 4319 $
197  743 1540 2690 4254 $
198  137 1000 2691 $
199  328 1452 4177 $
200  917 1283 3329 $
201  467 $
202  1591 $
203  2277 $
204  2688 3197 3347 3546 4122 4227 4243 $
205  1455 $
206  2356 2360 2467 2700 3656 $
207  1706 $
208  123 $
209  1753 $
210  1787 1986 $
211  4009 $
212  4233 $
213  155 297 680 682 683 684 889 1010 1011 1328 2030 2358 2469 2704
       2967 3082 3085 3843 3970 3971 3974 4248 4257 $
214  2307 3986 3987 4308 $
215  371 $
216  1831 $
217  2020 $
218  2231 $
219  295 989 1013 1064 1284 1342 1430 1638 1709 1813 2219 2339 2340
       2719 2730 3346 3359 $
220  1842 2014 $
221  803 2447 3810 $
222  2702 3848 $
223  2013 $
224  144 333 $
225  793 1074 $
226  1323 3688 $
227  1341 3808 $
228  1705 1938 $
229  1997 4070 $
230  2684 $
231  3705 $
232  584 $
233  648 $
234  792 $
235  821 $
236  1008 $
237  2224 $
238  3363 $
239  3541 $
240  3545 $
241  3844 $
242  145 311 318 320 338 339 453 457 503 922 1096 1220 1246 1247 1564
       1602 1698 1872 1881 1995 2003 2064 2238 2334 2408 2488 2490
       2499 2500 2511 2606 2608 2749 2831 2833 2857 2979 2980 3154
       3177 3273 3327 3339 3365 3458 3463 3574 3657 3898 4016 4130
       4160 $
243  336 800 1870 2302 2303 2387 2711 3155 3158 3341 3900 $
244  1445 1456 2186 $
245  750 $
246  2859 $
247  4128 $
248  500 799 1532 1533 2354 2365 2406 3151 3434 3435 3788 4146 $
249  494 $
250  142 506 510 2431 2717 $
251  3573 $
252  3696 $
253  797 1472 1869 2708 4046 $
254  3787 $
255  163 1428 3164 3408 $
256  495 $
257  2210 $
258  3206 $
259  3627 $
260  3635 $
261  3703 $
262  3976 $
263  8 87 264 323 353 733 815 864 1238 1434 1446 1530 1609 2089 2404
       2721 2747 2872 2874 3171 3270 3272 3319 3323 3336 3337 3403
       3584 3893 3981 4010 4011 4186 4187 $
264  1093 1237 1868 2042 2328 3048 3049 3108 3169 3322 3404 3585 4237
       4309 $
265  672 $
266  931 $
267  796 980 1620 2335 2343 3150 $
268  3353 $
269  3766 $
270  77 $
271  2686 $
272  129 275 279 290 493 499 983 996 1094 1471 1653 1726 1727 1728
       2053 2113 2114 2115 2229 2274 2299 2405 2441 2445 2681 2710
       2956 2957 2958 2961 3360 3430 3537 3789 3828 4042 4043 4044
       4045 $
273  130 2462 $
274  3348 3761 $
275  3350 3763 $
276  3364 $
277  287 3762 $
278  1721 $
279  154 504 964 1143 1269 1440 1664 2002 2232 3111 3175 3208 3342
       4101 4152 4156 4176 4210 $
280  1244 1676 1994 2878 3276 3661 4018 4104 4192 4218 4260 $
281  2757 3056 3178 $
282  1441 4266 $
283  350 $
284  2305 2333 3278 $
285  448 892 1729 $
286  132 $
287  674 $
288  675 $
289  888 $
290  534 $
291  679 $
292  801 2444 2955 3411 $
293  3577 $
294  456 1725 2610 $
295  673 1230 $
296  1931 $
297  884 $
298  993 $
299  2464 $
300  1197 3538 $
301  1196 $
302  1322 $
303  2972 $
304  3540 $
305  2233 3792 $
306  1723 $
307  3126 3790 4208 $
308  292 $
309  3349 $
310  2060 $
311  2366 $
312  2075 2682 $
313  3352 $
314  3768 $
315  3387 4032 $
316  1014 $
317  1878 $
318  2137 $
319  2329 $
320  2772 $
321  2959 $
322  3432 $
323  3786 $
324  4311 $
325  4338 $
326  223 225 230 260 261 262 373 374 375 377 415 437 438 440 441 445
       458 460 461 462 521 522 523 524 527 528 530 532 571 572 573
       574 685 686 688 689 820 865 867 887 998 1075 1109 1221 1508
       1510 1543 1544 1545 1547 1548 1549 1568 1569 1570 1571 1572
       1573 1574 1575 1658 1669 1743 1745 1779 1780 1781 1844 1941
       1943 1944 1965 1967 1972 2505 2553 2558 2559 2560 2562 2565
       2587 2924 2926 2927 2928 2932 3190 3191 3203 3205 3414 3497
       3531 3534 3542 3553 3565 3600 3713 3714 3715 3717 3718 3719
       3917 3918 3919 3944 3945 3946 3948 3949 3951 3952 4005 4054
       4055 4056 4057 $
327  411 866 927 1457 3599 3837 $
328  224 2561 3731 $
329  1744 3204 3664 $
330  2934 2937 $
331  1692 $
332  3601 $
333  412 928 1895 2557 3018 3597 3838 $
334  2938 $
335  2733 2848 2929 3782 4001 $
336  581 2563 3039 $
337  1621 3402 3646 $
338  2651 $
339  2652 $
340  1856 2249 $
341  108 $
342  444 $
343  690 $
344  1489 $
345  1977 $
346  653 724 833 1516 1519 1551 1552 1616 1622 1660 1667 1670 1974
       1976 2055 2056 2110 2453 2650 2734 2905 2907 3115 3116 3415
       3733 3783 3943 3950 4004 4303 $
347  860 1668 1966 2250 2720 2849 2925 2930 3040 3942 $
348  1758 2052 2251 2656 3642 $
349  1515 $
350  183 414 575 830 1663 1782 1846 2846 3041 3709 3903 $
351  1517 1693 2570 2572 3045 3113 3677 3804 $
352  3015 3016 3732 4006 $
353  1983 $
354  1615 $
355  3620 $
356  416 $
357  1973 $
358  4304 $
359  533 1332 1546 1550 1577 2598 3576 3587 3716 3721 3921 3922 4059 $
360  539 722 858 1761 1845 $
361  1366 $
362  3004 $
363  557 1274 2149 $
364  1673 $
365  3941 $
366  705 831 1089 1090 1091 $
367  704 706 912 $
368  378 434 439 1511 1968 2847 $
369  1334 1649 1792 3839 $
370  1648 $
371  1790 $
372  321 3704 3920 4329 $
373  1030 $
374  723 1490 1662 $
375  1857 $
376  234 1279 3602 $
377  529 1672 4310 $
378  1783 1784 $
379  3132 3134 $
380  484 $
381  1886 $
382  17 35 143 146 156 178 220 309 313 322 332 342 343 348 351 455
       661 695 824 841 862 925 926 957 965 977 986 1032 1042 1102 1232
       1252 1271 1285 1359 1360 1395 1465 1563 1567 1603 1647 1724
       1854 1996 2004 2021 2105 2106 2138 2141 2196 2198 2199 2237
       2265 2310 2410 2412 2452 2454 2465 2501 2504 2506 2507 2510
       2607 2611 2649 2680 2718 2750 2758 2760 2761 2763 2765 2796
       2802 2808 2810 2812 2826 2834 2835 2836 2837 2858 2864 2982
       2983 3014 3071 3105 3124 3125 3176 3187 3189 3279 3287 3318
       3321 3382 3409 3423 3427 3428 3454 3459 3494 3523 3554 3590
       3595 3641 3780 3901 3907 3924 4017 4105 4112 4116 4148 4154
       4165 4174 4183 4200 4201 4204 4205 4209 4215 4232 4234 4245
       4250 4270 4320 4322 4335 4345 $
383  1688 2039 2197 4281 $
384  2211 2736 2839 2919 $
385  576 1429 4271 $
386  3288 3736 $
387  421 $
388  1260 $
389  1267 $
390  1505 $
391  2037 $
392  2789 $
393  2832 $
394  2978 $
395  3297 $
396  3833 $
397  312 466 809 1924 2140 2491 2786 2960 3163 $
398  2795 $
399  1101 1491 1610 1646 2059 $
400  1562 $
401  3592 $
402  419 1273 2446 2489 4107 $
403  508 2023 2363 3562 4151 $
404  970 2022 4013 $
405  2024 $
406  823 2261 $
407  3567 $
408  431 $
409  3846 $
410  2794 4346 $
411  36 $
412  861 $
413  2291 $
414  2525 $
415  3070 $
416  4024 $
417  319 1340 1388 1481 1482 1908 1915 2319 3697 3793 3832 4115 4127
       4131 4138 4141 4161 4170 4179 4259 4265 4277 $
418  2259 $
419  3578 $
420  388 393 1178 1259 1736 3223 3285 4331 4332 $
421  3224 $
422  497 1852 2368 2483 3575 $
423  1204 $
424  3628 $
425  4082 $
426  2496 2523 3292 3923 $
427  4339 $
428  395 2239 3962 $
429  394 $
430  749 $
431  1189 $
432  1188 $
433  3467 $
434  3638 4302 $
435  2222 $
436  191 $
437  4034 $
438  642 760 $
439  1115 $
440  1266 $
441  1147 3617 $
442  1528 $
443  2297 $
444  2374 $
445  3548 $
446  3616 $
447  4283 $
448  6 38 41 42 177 195 349 352 355 372 390 392 406 410 430 447 469
       492 511 514 536 586 589 590 591 619 624 627 719 798 921 971
       1040 1054 1084 1086 1146 1148 1151 1174 1233 1236 1316 1350
       1352 1459 1460 1605 1606 1737 1740 1741 1747 1910 2095 2125
       2126 2127 2142 2281 2282 2295 2417 2418 2423 2425 2426 2526
       2533 2667 2692 2762 2813 2841 3160 3166 3179 3182 3242 3289
       3293 3317 3357 3451 3461 3550 3622 3624 3625 3723 4255 4282
       4299 4347 $
449  843 855 2659 2981 3110 3308 3707 4238 4324 $
450  194 3640 4035 4236 4242 $
451  3369 3772 4194 4321 $
452  1132 4109 4185 $
453  1734 2139 3623 $
454  120 2190 $
455  1640 1720 $
456  244 $
457  255 $
458  314 $
459  538 $
460  548 $
461  622 $
462  751 $
463  1085 $
464  1201 $
465  1527 $
466  1541 $
467  1608 $
468  1796 $
469  1927 $
470  1929 $
471  2278 $
472  2568 $
473  2774 $
474  2861 $
475  3202 $
476  4081 $
477  4171 $
478  4203 $
479  80 775 1261 1613 1655 1657 3213 3225 3294 $
480  98 $
481  2107 $
482  304 2223 4340 $
483  164 $
484  863 $
485  1566 $
486  360 $
487  1689 $
488  4239 $
489  1033 $
490  2200 $
491  3184 $
492  513 $
493  623 $
494  1313 2109 $
495  1858 3373 $
496  2016 3199 $
497  1114 $
498  2653 $
499  3372 $
500  3637 $
501  187 270 285 296 335 344 370 844 1111 2290 2367 3058 3443 $
502  3464 $
503  587 598 617 1949 2512 2814 3906 $
504  2258 $
505  2457 $
506  3563 $
507  1421 3431 3466 3851 4323 $
508  3334 $
509  3570 $
510  3926 $
511  380 626 2788 $
512  1177 2460 $
513  2331 $
514  3506 $
515  408 525 1310 1402 $
516  550 963 1487 $
517  1353 $
518  1419 $
519  4298 $
520  1884 2063 3281 $
521  379 $
522  1654 $
523  542 1775 $
524  1152 1209 $
525  1404 1488 $
526  27 $
527  2481 $
528  23 24 184 185 186 219 340 361 465 553 564 654 655 656 697 699
       700 701 702 703 708 710 728 759 836 838 840 910 1055 1058 1073
       1153 1157 1357 1358 1361 1389 1486 1584 1619 1671 1708 1710
       1711 1756 1832 1833 1834 1835 1947 1948 2035 2065 2194 2195
       2201 2202 2214 2215 2246 2276 2298 2326 2618 2621 2622 2624
       2908 2946 2987 2992 3215 3239 3253 3376 3386 3390 3448 3492
       3500 3524 3525 3581 3582 3598 3647 3648 3649 3650 3777 3778
       3779 3781 3797 3812 3872 3873 3874 3876 3905 3998 4023 4026
       4027 4033 4076 4078 $
529  595 1035 1364 1583 $
530  609 1757 3807 $
531  1840 2567 3295 $
532  1498 4029 $
533  386 $
534  583 $
535  920 $
536  1156 $
537  1829 $
538  2309 $
539  2456 $
540  3560 $
541  3862 $
542  4077 $
543  2176 2455 2458 3569 $
544  1946 $
545  2287 $
546  3499 $
547  125 594 711 1140 1362 1859 2459 2623 3167 3607 3608 3813 3863
       3908 3909 $
548  942 2247 2840 3596 3794 3795 $
549  1155 $
550  1386 $
551  2066 $
552  2388 $
553  2508 $
554  3609 $
555  3853 $
556  3526 $
557  3568 $
558  883 1494 1684 1719 2058 3515 3860 $
559  3556 $
560  2036 $
561  3013 $
562  3552 $
563  2167 3861 4090 $
564  2193 2827 $
565  1800 $
566  4089 $
567  1755 $
568  4040 $
569  1581 2240 $
570  1194 $
571  567 $
572  3749 3773 $
573  420 $
574  895 2999 3393 $
575  1363 3476 $
576  1484 $
577  1525 $
578  1492 3091 $
579  1860 3444 $
580  2901 2902 $
581  127 $
582  259 $
583  429 $
584  1718 $
585  1830 $
586  1855 $
587  2390 $
588  2443 $
589  2475 $
590  2477 $
591  2532 $
592  2776 $
593  3068 $
594  5 7 238 391 407 551 563 568 625 628 641 644 645 725 758 761 785
       788 789 837 937 940 1062 1063 1065 1068 1193 1200 1311 1314
       1317 1318 1324 1329 1403 1443 1483 1485 1523 1629 1643 1681
       1682 1713 1738 1816 1818 1819 1926 1928 2124 2320 2378 2379
       2380 2381 2468 2513 2515 2517 2552 2615 2616 2815 2818 2984
       2988 2991 2993 3012 3081 3083 3088 3183 3332 3391 3394 3491
       3803 3914 3964 $
595  757 939 1308 2519 $
596  211 3489 $
597  543 1627 $
598  1795 2851 $
599  3965 3966 $
600  638 $
601  1326 $
602  1746 $
603  2038 $
604  2145 $
605  2344 $
606  2661 $
607  3551 $
608  3972 $
609  3975 $
610  3997 $
611  106 235 561 2382 2399 3140 $
612  401 2345 2347 $
613  2147 $
614  643 1824 4025 4358 $
615  3162 $
616  891 1524 1526 2221 $
617  2342 $
618  948 1970 3264 $
619  2996 $
620  784 936 1815 $
621  1325 2850 $
622  1327 $
623  3087 $
624  1828 3593 $
625  1879 $
626  3737 $
627  1982 3282 $
628  2386 3231 $
629  2099 $
630  236 879 1989 2964 3796 $
631  1351 3614 $
632  2663 $
633  3612 $
634  3613 $
635  646 1817 $
636  1292 $
637  2666 3686 $
638  2662 $
639  4083 4084 4085 $
640  39 $
641  2422 $
642  943 3931 $
643  3450 3452 $
644  1082 $
645  1493 $
646  3080 $
647  3953 $
648  3963 $
649  18 19 172 173 179 181 203 205 277 387 404 496 566 825 839 1037
       1059 1079 1123 1125 1171 1184 1190 1191 1369 1373 1377 1390
       1410 1529 1579 1597 1847 1850 1890 1891 1892 1893 1918 2131
       2311 2312 2862 2865 2986 3030 3034 3067 3069 3235 3249 3251
       3254 3256 3259 3260 3261 3263 3266 3389 3438 3485 3532 3603
       3671 3672 3746 3799 3831 3858 3932 3938 3995 4020 4080 4091
       4097 $
650  171 376 403 $
651  1391 1848 $
652  3245 3388 $
653  868 $
654  1162 $
655  1837 $
656  3143 $
657  3240 $
658  3244 $
659  3252 $
660  3301 $
661  3929 $
662  4047 $
663  1057 3141 $
664  1578 3400 $
665  3825 4096 $
666  1367 $
667  2242 $
668  2962 $
669  3241 $
670  3529 $
671  3604 $
672  3892 $
673  398 774 780 1145 1163 1838 2780 3868 $
674  3299 $
675  2741 $
676  777 3401 $
677  1039 $
678  1124 $
679  1056 $
680  2116 $
681  2402 $
682  3214 $
683  3033 3248 3262 $
684  3878 $
685  3399 3933 3934 $
686  3877 $
687  835 $
688  2613 $
689  3265 $
690  1601 3384 3447 $
691  2619 2909 $
692  2617 $
693  2057 $
694  2949 $
695  3446 $
696  3935 $
697  4344 $
698  68 140 229 263 400 413 517 582 664 687 721 832 834 859 1016 1019
       1052 1215 1333 1335 1413 1514 1518 1555 1651 1659 1661 1666
       1694 1696 1697 1759 1760 1774 1778 1791 1793 1794 1861 1875
       1909 1960 1978 1987 2054 2112 2150 2252 2541 2543 2556 2566
       2569 2573 2654 2676 2807 2896 2897 3043 3044 3047 3097 3114
       3480 3631 3653 3720 3785 3840 3928 $
699  253 2564 2731 3888 $
700  3046 4003 $
701  1051 $
702  1864 $
703  1984 1988 2571 $
704  1985 $
705  53 4079 $
706  424 $
707  1169 $
708  1222 $
709  2894 $
710  518 540 1309 1331 2169 2890 3742 3801 3821 $
711  516 1276 2540 $
712  2536 $
713  579 1212 1320 2538 2893 $
714  1087 $
715  470 485 $
716  486 $
717  578 $
718  2102 $
719  4326 $
720  3 4 21 174 288 310 405 409 778 827 1038 1045 1046 1060 1077 1126
       1192 1226 1370 1375 1380 1392 1408 1411 1580 1650 1675 1677
       1839 2267 2781 2899 2947 3035 3237 3238 3246 3250 3255 3257
       3267 3304 3516 3774 3775 3847 3867 3870 3879 3881 3939 4036
       4058 4098 $
721  828 1412 3247 $
722  781 1851 $
723  2863 4102 $
724  1076 $
725  2948 $
726  4069 $
727  1185 4022 $
728  2226 3996 $
729  902 $
730  3882 $
731  1080 1254 1379 3300 3533 3606 3745 3883 $
732  829 903 1582 2389 3449 3776 $
733  3871 $
734  1956 1957 1958 $
735  1959 1962 1963 $
736  782 894 $
737  1374 $
738  3940 $
739  691 $
740  893 $
741  2266 $
742  2314 $
743  3605 $
744  3710 $
745  111 117 640 650 786 790 791 795 941 944 947 1066 1067 1069 1113
       1294 1304 1504 1553 1594 1703 1809 1821 1827 2009 2015 2029
       2033 2070 2073 2076 2322 2516 2518 2522 2630 2632 2633 2634
       2635 2636 2637 2638 2647 2670 2672 2771 2773 2777 2816 2819
       2823 3371 $
746  1296 1301 1302 1303 $
747  1293 1295 1297 $
748  649 $
749  1137 $
750  1305 $
751  1330 $
752  1502 $
753  2294 $
754  3967 $
755  3968 $
756  2032 2674 $
757  2034 $
758  2671 $
759  1823 $
760  2521 $
761  1071 $
762  1202 $
763  2318 $
764  3198 $
765  1210 1211 $
766  1980 $
767  2514 2817 $
768  2821 $
769  1206 $
770  1207 $
771  2027 $
772  2631 $
773  2769 3503 $
774  1203 $
775  66 109 128 158 165 289 298 354 362 520 846 913 950 972 979 991
       1003 1004 1005 1007 1195 1321 1495 1585 1699 1700 1704 1804
       1933 1934 1935 2007 2067 2088 2151 2181 2185 2204 2209 2228
       2253 2269 2270 2315 2349 2353 2430 2440 2461 2527 2528 2544
       2685 2694 2695 2697 2775 2876 2912 2916 2963 2966 3077 3100
       3361 3416 3651 3679 3689 3699 3841 3869 4092 4258 $
776  1942 2178 4065 4067 $
777  845 $
778  2917 $
779  2766 $
780  2767 $
781  88 $
782  1199 $
783  20 256 257 1117 1118 1119 1120 1122 1415 1416 1417 1418 1554 1665
       2161 2262 2263 2581 2582 2583 2584 2585 2586 2588 2589 2590
       2591 2592 2593 2594 2595 2596 2597 2599 2600 2601 2602 2609
       2620 2626 2627 2628 2629 3032 3375 3377 3378 3379 3468 3469
       3470 3471 3472 3473 3474 3475 3477 3478 3479 3668 3669 3670
       3676 3687 3698 3738 3739 3740 3741 3791 3802 3814 $
784  3296 $
785  3728 $
786  771 $
787  2778 $
788  28 29 30 32 34 54 56 57 58 59 60 61 62 63 64 65 67 148 149 435
       436 604 605 606 607 608 610 611 612 613 614 615 630 632 633
       634 636 637 707 1092 1461 1462 1463 1466 1467 1468 1469 4113
       4124 4135 4147 4158 4169 4180 4191 4202 4213 4224 4235 4246 $
789  31 616 1470 4019 4312 $
790  952 $
791  911 $
792  37 82 208 489 535 569 570 588 593 1083 1234 1258 1458 1590 1630
       1645 1739 1923 2416 2463 2551 3078 3079 3090 3210 3211 3212
       3222 3429 3441 3706 3769 3927 4300 4301 4333 $
793  190 $
794  678 $
795  2497 $
796  490 $
797  1820 $
798  2664 $
799  3181 3291 $
800  491 $
801  4071 $
802  512 $
803  1735 $
804  3165 $
805  592 1656 1925 $
806  1235 $
807  79 $
808  787 $
809  3619 $
810  488 $
811  549 631 1315 $
812  2437 2842 3660 $
813  1116 $
814  2031 $
815  1 422 477 515 748 807 811 1865 1899 1902 1905 1952 1954 1955 2082
       2084 2085 2487 2520 4295 4296 4297 4352 4355 $
816  814 1025 $
817  2542 4354 $
818  246 $
819  1026 $
820  1904 $
821  250 2049 2050 $
822  1770 1772 $
823  813 1867 1906 2531 4356 $
824  1768 $
825  747 767 768 769 770 $
826  744 745 746 $
827  249 812 1903 $
828  2048 $
829  247 248 2047 $
830  1767 $
831  1769 $
832  112 364 365 1263 1531 1586 1701 1742 1764 1806 1807 2008 2026
       2028 2154 2182 2183 2317 2321 2669 2770 3194 3196 3502 3504
       3505 3611 3925 4066 $
833  113 1499 1589 2191 $
834  115 1542 3201 3484 $
835  1500 2010 $
836  1509 $
837  1595 $
838  1598 $
839  1953 $
840  2069 $
841  3200 $
842  1506 2078 $
843  2188 2768 $
844  1520 1565 $
845  1639 1808 $
846  2077 $
847  2968 $
848  2025 2673 $
849  116 $
850  2419 $
851  241 242 243 245 251 473 755 808 938 1021 1022 1023 1763 1862 1896
       1900 1950 1951 2045 2046 2051 2079 2083 2498 2509 4294 4348
       4349 4350 4351 4353 $
852  240 1762 2044 $
853  474 1863 1901 $
854  1964 $
855  475 810 1024 1866 1897 2080 2081 2087 2476 2529 2534 $
856  141 620 1576 1587 2012 2172 2192 2216 2280 2735 2828 2910 2970
       3283 3284 3564 3566 3583 3594 3835 3875 $
857  1802 $
858  2903 3559 3954 3957 3959 4039 4088 $
859  1691 $
860  1158 2177 2370 $
861  2799 2935 $
862  2933 $
863  2939 $
864  71 222 450 647 652 726 872 934 949 1050 1070 1179 1345 1825 1826
       1990 2143 2236 2324 2752 2822 2868 2985 2990 2994 2995 3193
       4247 $
865  1300 $
866  651 $
867  794 $
868  1299 $
869  945 $
870  946 $
871  2989 $
872  135 166 468 585 890 988 1044 1205 1312 1319 1628 1979 1981 2415
       2471 2668 3084 3549 3615 3960 3973 4103 4262 4268 4285 $
873  599 804 2413 $
874  3722 3724 $
875  2284 $
876  3747 $
877  1154 $
878  2273 $
879  284 303 694 852 956 961 1034 1112 2289 3421 3639 4008 $
880  269 $
881  294 $
882  305 $
883  850 $
884  1107 $
885  3316 $
886  2689 3522 $
887  3356 $
888  955 $
889  958 $
890  3367 $
891  307 4357 $
892  192 442 729 1406 1674 1712 1714 1730 2888 2931 3127 3129 3130
       3555 4048 $
893  976 $
894  930 2118 2400 3990 $
895  1715 $
896  2975 $
897  3042 $
898  366 772 779 826 898 901 1372 3298 3527 3528 $
899  1836 2264 3530 $
900  3236 3243 3729 $
901  773 $
902  202 1224 1371 3889 $
903  204 $
904  1599 $
905  193 306 537 2225 3007 3010 3107 $
906  3630 $
907  3005 3008 3011 3818 3819 3820 3822 $
908  196 857 2108 $
909  1002 2359 $
910  367 $
911  1961 $
912  157 283 286 1078 1454 1707 1917 2451 3280 3412 3422 3683 3711
       4225 $
913  100 $
914  1538 1637 $
915  2703 $
916  3930 $
917  459 635 1287 1298 1343 1354 1365 1376 3001 3002 3003 3006 3784
       3815 3816 3817 $
918  2895 $
919  1214 $
920  3118 $
921  880 881 1131 1337 1695 1752 2162 2165 2395 3022 3025 3145 3856
       3857 $
922  2392 $
923  1789 3685 $
924  4062 $
925  487 994 2092 2271 2272 2352 2660 $
926  3442 4028 $
927  3290 $
928  1175 $
929  4330 $
930  2090 3420 $
931  2642 $
932  206 904 1164 1173 1186 1227 1368 1378 1843 2268 2743 3303 3385
       3397 $
933  1385 2257 2260 2377 2473 2478 2480 $
934  276 347 596 2369 3750 $
935  2482 $
936  83 84 138 856 3192 3286 4075 $
937  1106 $
938  3418 $
939  3991 $
940  85 4074 $
941  299 560 1027 1225 2313 2779 3258 3383 3708 3937 $
942  180 3730 $
943  544 545 546 547 1306 1307 2220 2332 2554 2665 2887 2998 $
944  1265 2061 3673 3674 3675 $
945  869 3302 3535 3712 $
946  2245 $
947  3000 $
948  3536 $
949  1776 1887 1888 1998 2011 4132 $
950  1885 1930 3734 $
951  2122 2123 $
952  1889 $
953  0 368 369 389 1811 1814 2548 2550 3880 $
954  4068 $
955  764 $
956  478 479 480 481 482 1289 1290 1291 1383 1384 2646 $
957  3036 3037 3038 3663 3666 3667 $
958  2130 2323 2648 3682 $
959  40 1600 1849 3836 3993 4021 $
960  1043 $
961  2424 $
962  1041 $
963  169 3904 4286 4287 4288 4289 4290 4292 $
964  1138 $
965  597 662 676 2373 2754 3580 $
966  618 $
967  712 $
968  3495 $
969  621 822 2371 2375 2484 3521 3579 3757 3834 $
970  124 559 2203 2906 3092 $
971  1683 $
972  3999 $
973  126 1110 2625 2797 2800 2801 3089 $
974  1139 2792 3644 3645 $
975  2790 2791 2793 $
976  110 446 639 2466 3053 $
977  2341 $
978  1607 1611 1635 1733 2283 3374 $
979  119 1641 2136 4166 4275 $
980  870 1097 4050 4053 4231 $
981  1159 1160 2241 3121 $
982  3117 $
983  170 1612 2132 2133 $
984  665 978 1680 $
985  3850 $
986  987 1841 3547 $
987  3539 $
988  2134 3725 3726 3727 $
989  476 2530 $
990  2093 $
991  848 2351 2879 $
992  876 2248 2411 $
993  1081 2372 $
994  4293 $
995  1336 2886 2898 $
996  1624 3830 4136 $
997  1822 2900 $
998  2997 $
999  3680 3681 4072 $
1000 3854 3855 4328 $
1001 3864 3865 3866 $
1002 2 3748 $
1003 215 1280 $
1004 716 909 $
1005 1444 3955 $
1006 1771 2576 $
1007 2111 3328 $
1008 2524 4031 $
1009 2904 3174 $
1010 107 $
1011 168 $
1012 278 $
1013 483 $
1014 698 $
1015 762 $
1016 763 $
1017 765 $
1018 766 $
1019 783 $
1020 954 $
1021 1161 $
1022 1208 $
1023 1349 $
1024 1464 $
1025 1476 $
1026 1765 $
1027 1766 $
1028 1773 $
1029 1880 $
1030 1882 $
1031 1883 $
1032 1932 $
1033 2121 $
1034 2128 $
1035 2129 $
1036 2174 $
1037 2288 $
1038 2474 $
1039 2825 $
1040 2936 $
1041 3305 $
1042 3306 $
1043 3351 $
1044 3610 $
1045 3643 $
1046 3662 $
1047 3684 $
1048 3735 $
1049 3890 $
1050 4073 $
1051 4086 $
1052 4327 $
1053 4359 $
)
